0.00000e+00 0.00000e+00 0.00000e+00 
0.00000e+00 2.50000e-02 0.00000e+00 
0.00000e+00 5.00000e-02 0.00000e+00 
0.00000e+00 7.50000e-02 0.00000e+00 
0.00000e+00 1.00000e-01 0.00000e+00 
0.00000e+00 1.25000e-01 0.00000e+00 
0.00000e+00 1.50000e-01 0.00000e+00 
0.00000e+00 1.75000e-01 0.00000e+00 
0.00000e+00 2.00000e-01 0.00000e+00 
0.00000e+00 2.25000e-01 0.00000e+00 
0.00000e+00 2.50000e-01 0.00000e+00 
0.00000e+00 2.75000e-01 0.00000e+00 
0.00000e+00 3.00000e-01 0.00000e+00 
0.00000e+00 3.25000e-01 0.00000e+00 
0.00000e+00 3.50000e-01 0.00000e+00 
0.00000e+00 3.75000e-01 0.00000e+00 
0.00000e+00 4.00000e-01 0.00000e+00 
0.00000e+00 4.25000e-01 0.00000e+00 
0.00000e+00 4.50000e-01 0.00000e+00 
0.00000e+00 4.75000e-01 0.00000e+00 
0.00000e+00 5.00000e-01 0.00000e+00 
0.00000e+00 5.25000e-01 0.00000e+00 
0.00000e+00 5.50000e-01 0.00000e+00 
0.00000e+00 5.75000e-01 0.00000e+00 
0.00000e+00 6.00000e-01 0.00000e+00 
0.00000e+00 6.25000e-01 0.00000e+00 
0.00000e+00 6.50000e-01 0.00000e+00 
0.00000e+00 6.75000e-01 0.00000e+00 
0.00000e+00 7.00000e-01 0.00000e+00 
0.00000e+00 7.25000e-01 0.00000e+00 
0.00000e+00 7.50000e-01 0.00000e+00 
0.00000e+00 7.75000e-01 0.00000e+00 
0.00000e+00 8.00000e-01 0.00000e+00 
0.00000e+00 8.25000e-01 0.00000e+00 
0.00000e+00 8.50000e-01 0.00000e+00 
0.00000e+00 8.75000e-01 0.00000e+00 
0.00000e+00 9.00000e-01 0.00000e+00 
0.00000e+00 9.25000e-01 0.00000e+00 
0.00000e+00 9.50000e-01 0.00000e+00 
0.00000e+00 9.75000e-01 0.00000e+00 
0.00000e+00 1.00000e+00 0.00000e+00 

2.50000e-02 0.00000e+00 0.00000e+00 
2.50000e-02 2.50000e-02 1.44965e-03 
2.50000e-02 5.00000e-02 -1.61655e-03 
2.50000e-02 7.50000e-02 7.84558e-04 
2.50000e-02 1.00000e-01 -7.53710e-05 
2.50000e-02 1.25000e-01 -7.75752e-05 
2.50000e-02 1.50000e-01 5.78758e-06 
2.50000e-02 1.75000e-01 1.35252e-05 
2.50000e-02 2.00000e-01 2.05128e-06 
2.50000e-02 2.25000e-01 -2.14758e-06 
2.50000e-02 2.50000e-01 -1.21282e-06 
2.50000e-02 2.75000e-01 1.47259e-08 
2.50000e-02 3.00000e-01 3.08307e-07 
2.50000e-02 3.25000e-01 1.47247e-07 
2.50000e-02 3.50000e-01 -6.27208e-09 
2.50000e-02 3.75000e-01 -4.50250e-08 
2.50000e-02 4.00000e-01 -2.48565e-08 
2.50000e-02 4.25000e-01 -2.25656e-09 
2.50000e-02 4.50000e-01 5.57316e-09 
2.50000e-02 4.75000e-01 4.23796e-09 
2.50000e-02 5.00000e-01 2.61247e-09 
2.50000e-02 5.25000e-01 4.23794e-09 
2.50000e-02 5.50000e-01 5.57344e-09 
2.50000e-02 5.75000e-01 -2.25678e-09 
2.50000e-02 6.00000e-01 -2.48564e-08 
2.50000e-02 6.25000e-01 -4.50249e-08 
2.50000e-02 6.50000e-01 -6.27200e-09 
2.50000e-02 6.75000e-01 1.47247e-07 
2.50000e-02 7.00000e-01 3.08307e-07 
2.50000e-02 7.25000e-01 1.47260e-08 
2.50000e-02 7.50000e-01 -1.21282e-06 
2.50000e-02 7.75000e-01 -2.14758e-06 
2.50000e-02 8.00000e-01 2.05128e-06 
2.50000e-02 8.25000e-01 1.35252e-05 
2.50000e-02 8.50000e-01 5.78759e-06 
2.50000e-02 8.75000e-01 -7.75752e-05 
2.50000e-02 9.00000e-01 -7.53710e-05 
2.50000e-02 9.25000e-01 7.84558e-04 
2.50000e-02 9.50000e-01 -1.61655e-03 
2.50000e-02 9.75000e-01 1.44965e-03 
2.50000e-02 1.00000e+00 0.00000e+00 

5.00000e-02 0.00000e+00 0.00000e+00 
5.00000e-02 2.50000e-02 -1.61655e-03 
5.00000e-02 5.00000e-02 1.79880e-03 
5.00000e-02 7.50000e-02 -8.67864e-04 
5.00000e-02 1.00000e-01 7.91876e-05 
5.00000e-02 1.25000e-01 8.72379e-05 
5.00000e-02 1.50000e-01 -5.74248e-06 
5.00000e-02 1.75000e-01 -1.52008e-05 
5.00000e-02 2.00000e-01 -2.45118e-06 
5.00000e-02 2.25000e-01 2.38433e-06 
5.00000e-02 2.50000e-01 1.38835e-06 
5.00000e-02 2.75000e-01 -8.68440e-10 
5.00000e-02 3.00000e-01 -3.46846e-07 
5.00000e-02 3.25000e-01 -1.69868e-07 
5.00000e-02 3.50000e-01 5.01962e-09 
5.00000e-02 3.75000e-01 5.08123e-08 
5.00000e-02 4.00000e-01 2.86685e-08 
5.00000e-02 4.25000e-01 2.91840e-09 
5.00000e-02 4.50000e-01 -6.25046e-09 
5.00000e-02 4.75000e-01 -4.89841e-09 
5.00000e-02 5.00000e-01 -3.09633e-09 
5.00000e-02 5.25000e-01 -4.89842e-09 
5.00000e-02 5.50000e-01 -6.25041e-09 
5.00000e-02 5.75000e-01 2.91836e-09 
5.00000e-02 6.00000e-01 2.86685e-08 
5.00000e-02 6.25000e-01 5.08123e-08 
5.00000e-02 6.50000e-01 5.01962e-09 
5.00000e-02 6.75000e-01 -1.69868e-07 
5.00000e-02 7.00000e-01 -3.46846e-07 
5.00000e-02 7.25000e-01 -8.68461e-10 
5.00000e-02 7.50000e-01 1.38835e-06 
5.00000e-02 7.75000e-01 2.38433e-06 
5.00000e-02 8.00000e-01 -2.45118e-06 
5.00000e-02 8.25000e-01 -1.52008e-05 
5.00000e-02 8.50000e-01 -5.74248e-06 
5.00000e-02 8.75000e-01 8.72379e-05 
5.00000e-02 9.00000e-01 7.91876e-05 
5.00000e-02 9.25000e-01 -8.67864e-04 
5.00000e-02 9.50000e-01 1.79880e-03 
5.00000e-02 9.75000e-01 -1.61655e-03 
5.00000e-02 1.00000e+00 0.00000e+00 

7.50000e-02 0.00000e+00 0.00000e+00 
7.50000e-02 2.50000e-02 7.84558e-04 
7.50000e-02 5.00000e-02 -8.67864e-04 
7.50000e-02 7.50000e-02 4.11852e-04 
7.50000e-02 1.00000e-01 -3.19608e-05 
7.50000e-02 1.25000e-01 -4.33128e-05 
7.50000e-02 1.50000e-01 1.83988e-06 
7.50000e-02 1.75000e-01 7.53508e-06 
7.50000e-02 2.00000e-01 1.40761e-06 
7.50000e-02 2.25000e-01 -1.14320e-06 
7.50000e-02 2.50000e-01 -7.21599e-07 
7.50000e-02 2.75000e-01 -2.02836e-08 
7.50000e-02 3.00000e-01 1.72386e-07 
7.50000e-02 3.25000e-01 8.99873e-08 
7.50000e-02 3.50000e-01 1.92486e-10 
7.50000e-02 3.75000e-01 -2.54641e-08 
7.50000e-02 4.00000e-01 -1.51786e-08 
7.50000e-02 4.25000e-01 -1.95127e-09 
7.50000e-02 4.50000e-01 3.08063e-09 
7.50000e-02 4.75000e-01 2.60703e-09 
7.50000e-02 5.00000e-01 1.74622e-09 
7.50000e-02 5.25000e-01 2.60703e-09 
7.50000e-02 5.50000e-01 3.08059e-09 
7.50000e-02 5.75000e-01 -1.95125e-09 
7.50000e-02 6.00000e-01 -1.51787e-08 
7.50000e-02 6.25000e-01 -2.54641e-08 
7.50000e-02 6.50000e-01 1.92476e-10 
7.50000e-02 6.75000e-01 8.99873e-08 
7.50000e-02 7.00000e-01 1.72386e-07 
7.50000e-02 7.25000e-01 -2.02836e-08 
7.50000e-02 7.50000e-01 -7.21599e-07 
7.50000e-02 7.75000e-01 -1.14320e-06 
7.50000e-02 8.00000e-01 1.40761e-06 
7.50000e-02 8.25000e-01 7.53508e-06 
7.50000e-02 8.50000e-01 1.83988e-06 
7.50000e-02 8.75000e-01 -4.33128e-05 
7.50000e-02 9.00000e-01 -3.19608e-05 
7.50000e-02 9.25000e-01 4.11852e-04 
7.50000e-02 9.50000e-01 -8.67864e-04 
7.50000e-02 9.75000e-01 7.84558e-04 
7.50000e-02 1.00000e+00 0.00000e+00 

1.00000e-01 0.00000e+00 0.00000e+00 
1.00000e-01 2.50000e-02 -7.53710e-05 
1.00000e-01 5.00000e-02 7.91876e-05 
1.00000e-01 7.50000e-02 -3.19608e-05 
1.00000e-01 1.00000e-01 -2.19456e-06 
1.00000e-01 1.25000e-01 4.95316e-06 
1.00000e-01 1.50000e-01 5.93809e-07 
1.00000e-01 1.75000e-01 -8.52180e-07 
1.00000e-01 2.00000e-01 -3.12572e-07 
1.00000e-01 2.25000e-01 9.84455e-08 
1.00000e-01 2.50000e-01 1.08206e-07 
1.00000e-01 2.75000e-01 1.87940e-08 
1.00000e-01 3.00000e-01 -1.98568e-08 
1.00000e-01 3.25000e-01 -1.47838e-08 
1.00000e-01 3.50000e-01 -2.15712e-09 
1.00000e-01 3.75000e-01 3.09992e-09 
1.00000e-01 4.00000e-01 2.48736e-09 
1.00000e-01 4.25000e-01 6.22634e-10 
1.00000e-01 4.50000e-01 -3.34276e-10 
1.00000e-01 4.75000e-01 -4.37328e-10 
1.00000e-01 5.00000e-01 -3.65846e-10 
1.00000e-01 5.25000e-01 -4.37331e-10 
1.00000e-01 5.50000e-01 -3.34248e-10 
1.00000e-01 5.75000e-01 6.22614e-10 
1.00000e-01 6.00000e-01 2.48742e-09 
1.00000e-01 6.25000e-01 3.09988e-09 
1.00000e-01 6.50000e-01 -2.15711e-09 
1.00000e-01 6.75000e-01 -1.47838e-08 
1.00000e-01 7.00000e-01 -1.98568e-08 
1.00000e-01 7.25000e-01 1.87940e-08 
1.00000e-01 7.50000e-01 1.08206e-07 
1.00000e-01 7.75000e-01 9.84455e-08 
1.00000e-01 8.00000e-01 -3.12572e-07 
1.00000e-01 8.25000e-01 -8.52180e-07 
1.00000e-01 8.50000e-01 5.93809e-07 
1.00000e-01 8.75000e-01 4.95316e-06 
1.00000e-01 9.00000e-01 -2.19456e-06 
1.00000e-01 9.25000e-01 -3.19608e-05 
1.00000e-01 9.50000e-01 7.91876e-05 
1.00000e-01 9.75000e-01 -7.53710e-05 
1.00000e-01 1.00000e+00 0.00000e+00 

1.25000e-01 0.00000e+00 0.00000e+00 
1.25000e-01 2.50000e-02 -7.75752e-05 
1.25000e-01 5.00000e-02 8.72379e-05 
1.25000e-01 7.50000e-02 -4.33128e-05 
1.25000e-01 1.00000e-01 4.95316e-06 
1.25000e-01 1.25000e-01 4.01289e-06 
1.25000e-01 1.50000e-01 -4.44334e-07 
1.25000e-01 1.75000e-01 -7.01359e-07 
1.25000e-01 2.00000e-01 -7.87865e-08 
1.25000e-01 2.25000e-01 1.16912e-07 
1.25000e-01 2.50000e-01 5.81084e-08 
1.25000e-01 2.75000e-01 -3.73105e-09 
1.25000e-01 3.00000e-01 -1.59226e-08 
1.25000e-01 3.25000e-01 -6.80715e-09 
1.25000e-01 3.50000e-01 7.09264e-10 
1.25000e-01 3.75000e-01 2.29522e-09 
1.25000e-01 4.00000e-01 1.15035e-09 
1.25000e-01 4.25000e-01 4.47584e-11 
1.25000e-01 4.50000e-01 -2.91576e-10 
1.25000e-01 4.75000e-01 -1.94147e-10 
1.25000e-01 5.00000e-01 -1.05207e-10 
1.25000e-01 5.25000e-01 -1.94163e-10 
1.25000e-01 5.50000e-01 -2.91579e-10 
1.25000e-01 5.75000e-01 4.47420e-11 
1.25000e-01 6.00000e-01 1.15032e-09 
1.25000e-01 6.25000e-01 2.29525e-09 
1.25000e-01 6.50000e-01 7.09233e-10 
1.25000e-01 6.75000e-01 -6.80716e-09 
1.25000e-01 7.00000e-01 -1.59226e-08 
1.25000e-01 7.25000e-01 -3.73108e-09 
1.25000e-01 7.50000e-01 5.81084e-08 
1.25000e-01 7.75000e-01 1.16912e-07 
1.25000e-01 8.00000e-01 -7.87866e-08 
1.25000e-01 8.25000e-01 -7.01359e-07 
1.25000e-01 8.50000e-01 -4.44335e-07 
1.25000e-01 8.75000e-01 4.01289e-06 
1.25000e-01 9.00000e-01 4.95316e-06 
1.25000e-01 9.25000e-01 -4.33128e-05 
1.25000e-01 9.50000e-01 8.72379e-05 
1.25000e-01 9.75000e-01 -7.75752e-05 
1.25000e-01 1.00000e+00 0.00000e+00 

1.50000e-01 0.00000e+00 0.00000e+00 
1.50000e-01 2.50000e-02 5.78759e-06 
1.50000e-01 5.00000e-02 -5.74248e-06 
1.50000e-01 7.50000e-02 1.83988e-06 
1.50000e-01 1.00000e-01 5.93809e-07 
1.50000e-01 1.25000e-01 -4.44335e-07 
1.50000e-01 1.50000e-01 -1.07842e-07 
1.50000e-01 1.75000e-01 7.58009e-08 
1.50000e-01 2.00000e-01 3.83274e-08 
1.50000e-01 2.25000e-01 -6.64022e-09 
1.50000e-01 2.50000e-01 -1.14498e-08 
1.50000e-01 2.75000e-01 -2.80389e-09 
1.50000e-01 3.00000e-01 1.79102e-09 
1.50000e-01 3.25000e-01 1.63111e-09 
1.50000e-01 3.50000e-01 3.38377e-10 
1.50000e-01 3.75000e-01 -2.90814e-10 
1.50000e-01 4.00000e-01 -2.74147e-10 
1.50000e-01 4.25000e-01 -8.29617e-11 
1.50000e-01 4.50000e-01 2.87754e-11 
1.50000e-01 4.75000e-01 4.86938e-11 
1.50000e-01 5.00000e-01 4.40761e-11 
1.50000e-01 5.25000e-01 4.87048e-11 
1.50000e-01 5.50000e-01 2.87907e-11 
1.50000e-01 5.75000e-01 -8.29476e-11 
1.50000e-01 6.00000e-01 -2.74128e-10 
1.50000e-01 6.25000e-01 -2.90841e-10 
1.50000e-01 6.50000e-01 3.38427e-10 
1.50000e-01 6.75000e-01 1.63111e-09 
1.50000e-01 7.00000e-01 1.79102e-09 
1.50000e-01 7.25000e-01 -2.80388e-09 
1.50000e-01 7.50000e-01 -1.14498e-08 
1.50000e-01 7.75000e-01 -6.64022e-09 
1.50000e-01 8.00000e-01 3.83274e-08 
1.50000e-01 8.25000e-01 7.58009e-08 
1.50000e-01 8.50000e-01 -1.07842e-07 
1.50000e-01 8.75000e-01 -4.44335e-07 
1.50000e-01 9.00000e-01 5.93809e-07 
1.50000e-01 9.25000e-01 1.83988e-06 
1.50000e-01 9.50000e-01 -5.74248e-06 
1.50000e-01 9.75000e-01 5.78759e-06 
1.50000e-01 1.00000e+00 0.00000e+00 

1.75000e-01 0.00000e+00 0.00000e+00 
1.75000e-01 2.50000e-02 1.35252e-05 
1.75000e-01 5.00000e-02 -1.52008e-05 
1.75000e-01 7.50000e-02 7.53508e-06 
1.75000e-01 1.00000e-01 -8.52180e-07 
1.75000e-01 1.25000e-01 -7.01359e-07 
1.75000e-01 1.50000e-01 7.58008e-08 
1.75000e-01 1.75000e-01 1.22559e-07 
1.75000e-01 2.00000e-01 1.41204e-08 
1.75000e-01 2.25000e-01 -2.03588e-08 
1.75000e-01 2.50000e-01 -1.02154e-08 
1.75000e-01 2.75000e-01 6.14027e-10 
1.75000e-01 3.00000e-01 2.78322e-09 
1.75000e-01 3.25000e-01 1.20010e-09 
1.75000e-01 3.50000e-01 -1.19015e-10 
1.75000e-01 3.75000e-01 -4.01578e-10 
1.75000e-01 4.00000e-01 -2.02799e-10 
1.75000e-01 4.25000e-01 -8.73751e-12 
1.75000e-01 4.50000e-01 5.09094e-11 
1.75000e-01 4.75000e-01 3.42441e-11 
1.75000e-01 5.00000e-01 1.87933e-11 
1.75000e-01 5.25000e-01 3.42495e-11 
1.75000e-01 5.50000e-01 5.09094e-11 
1.75000e-01 5.75000e-01 -8.74151e-12 
1.75000e-01 6.00000e-01 -2.02794e-10 
1.75000e-01 6.25000e-01 -4.01569e-10 
1.75000e-01 6.50000e-01 -1.19025e-10 
1.75000e-01 6.75000e-01 1.20012e-09 
1.75000e-01 7.00000e-01 2.78324e-09 
1.75000e-01 7.25000e-01 6.14034e-10 
1.75000e-01 7.50000e-01 -1.02154e-08 
1.75000e-01 7.75000e-01 -2.03588e-08 
1.75000e-01 8.00000e-01 1.41204e-08 
1.75000e-01 8.25000e-01 1.22559e-07 
1.75000e-01 8.50000e-01 7.58009e-08 
1.75000e-01 8.75000e-01 -7.01359e-07 
1.75000e-01 9.00000e-01 -8.52180e-07 
1.75000e-01 9.25000e-01 7.53508e-06 
1.75000e-01 9.50000e-01 -1.52008e-05 
1.75000e-01 9.75000e-01 1.35252e-05 
1.75000e-01 1.00000e+00 0.00000e+00 

2.00000e-01 0.00000e+00 0.00000e+00 
2.00000e-01 2.50000e-02 2.05128e-06 
2.00000e-01 5.00000e-02 -2.45118e-06 
2.00000e-01 7.50000e-02 1.40761e-06 
2.00000e-01 1.00000e-01 -3.12572e-07 
2.00000e-01 1.25000e-01 -7.87866e-08 
2.00000e-01 1.50000e-01 3.83274e-08 
2.00000e-01 1.75000e-01 1.41204e-08 
2.00000e-01 2.00000e-01 -4.03366e-09 
2.00000e-01 2.25000e-01 -3.48391e-09 
2.00000e-01 2.50000e-01 -1.95368e-10 
2.00000e-01 2.75000e-01 6.79693e-10 
2.00000e-01 3.00000e-01 3.07351e-10 
2.00000e-01 3.25000e-01 -3.17396e-11 
2.00000e-01 3.50000e-01 -9.25169e-11 
2.00000e-01 3.75000e-01 -3.81538e-11 
2.00000e-01 4.00000e-01 5.08849e-12 
2.00000e-01 4.25000e-01 1.38257e-11 
2.00000e-01 4.50000e-01 6.37901e-12 
2.00000e-01 4.75000e-01 -1.31345e-12 
2.00000e-01 5.00000e-01 -4.06175e-12 
2.00000e-01 5.25000e-01 -1.32594e-12 
2.00000e-01 5.50000e-01 6.38667e-12 
2.00000e-01 5.75000e-01 1.38160e-11 
2.00000e-01 6.00000e-01 5.07946e-12 
2.00000e-01 6.25000e-01 -3.81553e-11 
2.00000e-01 6.50000e-01 -9.25295e-11 
2.00000e-01 6.75000e-01 -3.17545e-11 
2.00000e-01 7.00000e-01 3.07331e-10 
2.00000e-01 7.25000e-01 6.79684e-10 
2.00000e-01 7.50000e-01 -1.95382e-10 
2.00000e-01 7.75000e-01 -3.48392e-09 
2.00000e-01 8.00000e-01 -4.03367e-09 
2.00000e-01 8.25000e-01 1.41204e-08 
2.00000e-01 8.50000e-01 3.83274e-08 
2.00000e-01 8.75000e-01 -7.87866e-08 
2.00000e-01 9.00000e-01 -3.12572e-07 
2.00000e-01 9.25000e-01 1.40761e-06 
2.00000e-01 9.50000e-01 -2.45118e-06 
2.00000e-01 9.75000e-01 2.05128e-06 
2.00000e-01 1.00000e+00 0.00000e+00 

2.25000e-01 0.00000e+00 0.00000e+00 
2.25000e-01 2.50000e-02 -2.14758e-06 
2.25000e-01 5.00000e-02 2.38433e-06 
2.25000e-01 7.50000e-02 -1.14320e-06 
2.25000e-01 1.00000e-01 9.84455e-08 
2.25000e-01 1.25000e-01 1.16912e-07 
2.25000e-01 1.50000e-01 -6.64024e-09 
2.25000e-01 1.75000e-01 -2.03588e-08 
2.25000e-01 2.00000e-01 -3.48393e-09 
2.25000e-01 2.25000e-01 3.15297e-09 
2.25000e-01 2.50000e-01 1.89430e-09 
2.25000e-01 2.75000e-01 2.04573e-11 
2.25000e-01 3.00000e-01 -4.65014e-10 
2.25000e-01 3.25000e-01 -2.33544e-10 
2.25000e-01 3.50000e-01 3.92218e-12 
2.25000e-01 3.75000e-01 6.83397e-11 
2.25000e-01 4.00000e-01 3.94070e-11 
2.25000e-01 4.25000e-01 4.43345e-12 
2.25000e-01 4.50000e-01 -8.35071e-12 
2.25000e-01 4.75000e-01 -6.75177e-12 
2.25000e-01 5.00000e-01 -4.37381e-12 
2.25000e-01 5.25000e-01 -6.74033e-12 
2.25000e-01 5.50000e-01 -8.35346e-12 
2.25000e-01 5.75000e-01 4.44220e-12 
2.25000e-01 6.00000e-01 3.94102e-11 
2.25000e-01 6.25000e-01 6.83438e-11 
2.25000e-01 6.50000e-01 3.92614e-12 
2.25000e-01 6.75000e-01 -2.33537e-10 
2.25000e-01 7.00000e-01 -4.65008e-10 
2.25000e-01 7.25000e-01 2.04603e-11 
2.25000e-01 7.50000e-01 1.89431e-09 
2.25000e-01 7.75000e-01 3.15298e-09 
2.25000e-01 8.00000e-01 -3.48392e-09 
2.25000e-01 8.25000e-01 -2.03588e-08 
2.25000e-01 8.50000e-01 -6.64024e-09 
2.25000e-01 8.75000e-01 1.16912e-07 
2.25000e-01 9.00000e-01 9.84455e-08 
2.25000e-01 9.25000e-01 -1.14320e-06 
2.25000e-01 9.50000e-01 2.38433e-06 
2.25000e-01 9.75000e-01 -2.14758e-06 
2.25000e-01 1.00000e+00 0.00000e+00 

2.50000e-01 0.00000e+00 0.00000e+00 
2.50000e-01 2.50000e-02 -1.21282e-06 
2.50000e-01 5.00000e-02 1.38835e-06 
2.50000e-01 7.50000e-02 -7.21599e-07 
2.50000e-01 1.00000e-01 1.08206e-07 
2.50000e-01 1.25000e-01 5.81084e-08 
2.50000e-01 1.50000e-01 -1.14498e-08 
2.50000e-01 1.75000e-01 -1.02154e-08 
2.50000e-01 2.00000e-01 -1.95377e-10 
2.50000e-01 2.25000e-01 1.89431e-09 
2.50000e-01 2.50000e-01 6.81247e-10 
2.50000e-01 2.75000e-01 -1.56771e-10 
2.50000e-01 3.00000e-01 -2.29674e-10 
2.50000e-01 3.25000e-01 -7.05480e-11 
2.50000e-01 3.50000e-01 2.35882e-11 
2.50000e-01 3.75000e-01 3.20644e-11 
2.50000e-01 4.00000e-01 1.19742e-11 
2.50000e-01 4.25000e-01 -1.84266e-12 
2.50000e-01 4.50000e-01 -4.33202e-12 
2.50000e-01 4.75000e-01 -1.94435e-12 
2.50000e-01 5.00000e-01 -4.81417e-13 
2.50000e-01 5.25000e-01 -1.94138e-12 
2.50000e-01 5.50000e-01 -4.32887e-12 
2.50000e-01 5.75000e-01 -1.84591e-12 
2.50000e-01 6.00000e-01 1.19713e-11 
2.50000e-01 6.25000e-01 3.20658e-11 
2.50000e-01 6.50000e-01 2.35892e-11 
2.50000e-01 6.75000e-01 -7.05519e-11 
2.50000e-01 7.00000e-01 -2.29675e-10 
2.50000e-01 7.25000e-01 -1.56775e-10 
2.50000e-01 7.50000e-01 6.81245e-10 
2.50000e-01 7.75000e-01 1.89431e-09 
2.50000e-01 8.00000e-01 -1.95378e-10 
2.50000e-01 8.25000e-01 -1.02154e-08 
2.50000e-01 8.50000e-01 -1.14498e-08 
2.50000e-01 8.75000e-01 5.81084e-08 
2.50000e-01 9.00000e-01 1.08206e-07 
2.50000e-01 9.25000e-01 -7.21599e-07 
2.50000e-01 9.50000e-01 1.38835e-06 
2.50000e-01 9.75000e-01 -1.21282e-06 
2.50000e-01 1.00000e+00 0.00000e+00 

2.75000e-01 0.00000e+00 0.00000e+00 
2.75000e-01 2.50000e-02 1.47259e-08 
2.75000e-01 5.00000e-02 -8.68427e-10 
2.75000e-01 7.50000e-02 -2.02836e-08 
2.75000e-01 1.00000e-01 1.87940e-08 
2.75000e-01 1.25000e-01 -3.73106e-09 
2.75000e-01 1.50000e-01 -2.80388e-09 
2.75000e-01 1.75000e-01 6.14033e-10 
2.75000e-01 2.00000e-01 6.79688e-10 
2.75000e-01 2.25000e-01 2.04612e-11 
2.75000e-01 2.50000e-01 -1.56774e-10 
2.75000e-01 2.75000e-01 -6.24357e-11 
2.75000e-01 3.00000e-01 1.53752e-11 
2.75000e-01 3.25000e-01 2.43010e-11 
2.75000e-01 3.50000e-01 7.87531e-12 
2.75000e-01 3.75000e-01 -2.89505e-12 
2.75000e-01 4.00000e-01 -4.07488e-12 
2.75000e-01 4.25000e-01 -1.64188e-12 
2.75000e-01 4.50000e-01 1.92402e-13 
2.75000e-01 4.75000e-01 7.24781e-13 
2.75000e-01 5.00000e-01 7.54646e-13 
2.75000e-01 5.25000e-01 7.34440e-13 
2.75000e-01 5.50000e-01 1.86878e-13 
2.75000e-01 5.75000e-01 -1.64524e-12 
2.75000e-01 6.00000e-01 -4.07924e-12 
2.75000e-01 6.25000e-01 -2.88972e-12 
2.75000e-01 6.50000e-01 7.87499e-12 
2.75000e-01 6.75000e-01 2.43037e-11 
2.75000e-01 7.00000e-01 1.53791e-11 
2.75000e-01 7.25000e-01 -6.24332e-11 
2.75000e-01 7.50000e-01 -1.56774e-10 
2.75000e-01 7.75000e-01 2.04602e-11 
2.75000e-01 8.00000e-01 6.79688e-10 
2.75000e-01 8.25000e-01 6.14031e-10 
2.75000e-01 8.50000e-01 -2.80389e-09 
2.75000e-01 8.75000e-01 -3.73105e-09 
2.75000e-01 9.00000e-01 1.87940e-08 
2.75000e-01 9.25000e-01 -2.02836e-08 
2.75000e-01 9.50000e-01 -8.68443e-10 
2.75000e-01 9.75000e-01 1.47259e-08 
2.75000e-01 1.00000e+00 0.00000e+00 

3.00000e-01 0.00000e+00 0.00000e+00 
3.00000e-01 2.50000e-02 3.08307e-07 
3.00000e-01 5.00000e-02 -3.46846e-07 
3.00000e-01 7.50000e-02 1.72386e-07 
3.00000e-01 1.00000e-01 -1.98568e-08 
3.00000e-01 1.25000e-01 -1.59226e-08 
3.00000e-01 1.50000e-01 1.79101e-09 
3.00000e-01 1.75000e-01 2.78323e-09 
3.00000e-01 2.00000e-01 3.07341e-10 
3.00000e-01 2.25000e-01 -4.65011e-10 
3.00000e-01 2.50000e-01 -2.29675e-10 
3.00000e-01 2.75000e-01 1.53808e-11 
3.00000e-01 3.00000e-01 6.31782e-11 
3.00000e-01 3.25000e-01 2.68562e-11 
3.00000e-01 3.50000e-01 -2.88206e-12 
3.00000e-01 3.75000e-01 -9.09475e-12 
3.00000e-01 4.00000e-01 -4.54953e-12 
3.00000e-01 4.25000e-01 -1.74694e-13 
3.00000e-01 4.50000e-01 1.16784e-12 
3.00000e-01 4.75000e-01 8.05633e-13 
3.00000e-01 5.00000e-01 4.22384e-13 
3.00000e-01 5.25000e-01 7.70939e-13 
3.00000e-01 5.50000e-01 1.17578e-12 
3.00000e-01 5.75000e-01 -1.65756e-13 
3.00000e-01 6.00000e-01 -4.54126e-12 
3.00000e-01 6.25000e-01 -9.09606e-12 
3.00000e-01 6.50000e-01 -2.88858e-12 
3.00000e-01 6.75000e-01 2.68460e-11 
3.00000e-01 7.00000e-01 6.31702e-11 
3.00000e-01 7.25000e-01 1.53777e-11 
3.00000e-01 7.50000e-01 -2.29677e-10 
3.00000e-01 7.75000e-01 -4.65018e-10 
3.00000e-01 8.00000e-01 3.07340e-10 
3.00000e-01 8.25000e-01 2.78323e-09 
3.00000e-01 8.50000e-01 1.79101e-09 
3.00000e-01 8.75000e-01 -1.59226e-08 
3.00000e-01 9.00000e-01 -1.98568e-08 
3.00000e-01 9.25000e-01 1.72386e-07 
3.00000e-01 9.50000e-01 -3.46846e-07 
3.00000e-01 9.75000e-01 3.08307e-07 
3.00000e-01 1.00000e+00 0.00000e+00 

3.25000e-01 0.00000e+00 0.00000e+00 
3.25000e-01 2.50000e-02 1.47247e-07 
3.25000e-01 5.00000e-02 -1.69868e-07 
3.25000e-01 7.50000e-02 8.99872e-08 
3.25000e-01 1.00000e-01 -1.47838e-08 
3.25000e-01 1.25000e-01 -6.80714e-09 
3.25000e-01 1.50000e-01 1.63110e-09 
3.25000e-01 1.75000e-01 1.20011e-09 
3.25000e-01 2.00000e-01 -3.17469e-11 
3.25000e-01 2.25000e-01 -2.33551e-10 
3.25000e-01 2.50000e-01 -7.05512e-11 
3.25000e-01 2.75000e-01 2.43024e-11 
3.25000e-01 3.00000e-01 2.68463e-11 
3.25000e-01 3.25000e-01 6.64160e-12 
3.25000e-01 3.50000e-01 -3.54894e-12 
3.25000e-01 3.75000e-01 -3.68211e-12 
3.25000e-01 4.00000e-01 -1.12732e-12 
3.25000e-01 4.25000e-01 3.77476e-13 
3.25000e-01 4.50000e-01 5.23748e-13 
3.25000e-01 4.75000e-01 1.47826e-13 
3.25000e-01 5.00000e-01 -1.94844e-14 
3.25000e-01 5.25000e-01 1.68032e-13 
3.25000e-01 5.50000e-01 4.93161e-13 
3.25000e-01 5.75000e-01 3.76699e-13 
3.25000e-01 6.00000e-01 -1.14053e-12 
3.25000e-01 6.25000e-01 -3.68205e-12 
3.25000e-01 6.50000e-01 -3.53151e-12 
3.25000e-01 6.75000e-01 6.65171e-12 
3.25000e-01 7.00000e-01 2.68463e-11 
3.25000e-01 7.25000e-01 2.43046e-11 
3.25000e-01 7.50000e-01 -7.05378e-11 
3.25000e-01 7.75000e-01 -2.33537e-10 
3.25000e-01 8.00000e-01 -3.17332e-11 
3.25000e-01 8.25000e-01 1.20013e-09 
3.25000e-01 8.50000e-01 1.63111e-09 
3.25000e-01 8.75000e-01 -6.80715e-09 
3.25000e-01 9.00000e-01 -1.47838e-08 
3.25000e-01 9.25000e-01 8.99873e-08 
3.25000e-01 9.50000e-01 -1.69868e-07 
3.25000e-01 9.75000e-01 1.47247e-07 
3.25000e-01 1.00000e+00 0.00000e+00 

3.50000e-01 0.00000e+00 0.00000e+00 
3.50000e-01 2.50000e-02 -6.27203e-09 
3.50000e-01 5.00000e-02 5.01967e-09 
3.50000e-01 7.50000e-02 1.92517e-10 
3.50000e-01 1.00000e-01 -2.15714e-09 
3.50000e-01 1.25000e-01 7.09283e-10 
3.50000e-01 1.50000e-01 3.38428e-10 
3.50000e-01 1.75000e-01 -1.19032e-10 
3.50000e-01 2.00000e-01 -9.25044e-11 
3.50000e-01 2.25000e-01 3.93120e-12 
3.50000e-01 2.50000e-01 2.35972e-11 
3.50000e-01 2.75000e-01 7.88700e-12 
3.50000e-01 3.00000e-01 -2.87023e-12 
3.50000e-01 3.25000e-01 -3.51985e-12 
3.50000e-01 3.50000e-01 -9.52682e-13 
3.50000e-01 3.75000e-01 4.92217e-13 
3.50000e-01 4.00000e-01 5.77094e-13 
3.50000e-01 4.25000e-01 1.95954e-13 
3.50000e-01 4.50000e-01 -5.54001e-14 
3.50000e-01 4.75000e-01 -8.28226e-14 
3.50000e-01 5.00000e-01 -1.04361e-13 
3.50000e-01 5.25000e-01 -9.79217e-14 
3.50000e-01 5.50000e-01 -4.30767e-14 
3.50000e-01 5.75000e-01 2.02616e-13 
3.50000e-01 6.00000e-01 6.03406e-13 
3.50000e-01 6.25000e-01 4.92384e-13 
3.50000e-01 6.50000e-01 -9.73388e-13 
3.50000e-01 6.75000e-01 -3.53428e-12 
3.50000e-01 7.00000e-01 -2.87789e-12 
3.50000e-01 7.25000e-01 7.88043e-12 
3.50000e-01 7.50000e-01 2.35757e-11 
3.50000e-01 7.75000e-01 3.91366e-12 
3.50000e-01 8.00000e-01 -9.25310e-11 
3.50000e-01 8.25000e-01 -1.19051e-10 
3.50000e-01 8.50000e-01 3.38388e-10 
3.50000e-01 8.75000e-01 7.09273e-10 
3.50000e-01 9.00000e-01 -2.15717e-09 
3.50000e-01 9.25000e-01 1.92496e-10 
3.50000e-01 9.50000e-01 5.01962e-09 
3.50000e-01 9.75000e-01 -6.27196e-09 
3.50000e-01 1.00000e+00 0.00000e+00 

3.75000e-01 0.00000e+00 0.00000e+00 
3.75000e-01 2.50000e-02 -4.50250e-08 
3.75000e-01 5.00000e-02 5.08124e-08 
3.75000e-01 7.50000e-02 -2.54640e-08 
3.75000e-01 1.00000e-01 3.09987e-09 
3.75000e-01 1.25000e-01 2.29524e-09 
3.75000e-01 1.50000e-01 -2.90867e-10 
3.75000e-01 1.75000e-01 -4.01597e-10 
3.75000e-01 2.00000e-01 -3.81705e-11 
3.75000e-01 2.25000e-01 6.83258e-11 
3.75000e-01 2.50000e-01 3.20521e-11 
3.75000e-01 2.75000e-01 -2.90996e-12 
3.75000e-01 3.00000e-01 -9.11871e-12 
3.75000e-01 3.25000e-01 -3.71125e-12 
3.75000e-01 3.50000e-01 4.78340e-13 
3.75000e-01 3.75000e-01 1.30962e-12 
3.75000e-01 4.00000e-01 6.26721e-13 
3.75000e-01 4.25000e-01 -2.66454e-15 
3.75000e-01 4.50000e-01 -1.72529e-13 
3.75000e-01 4.75000e-01 -1.54987e-13 
3.75000e-01 5.00000e-01 -4.44089e-15 
3.75000e-01 5.25000e-01 -9.23706e-14 
3.75000e-01 5.50000e-01 -1.71307e-13 
3.75000e-01 5.75000e-01 1.24345e-14 
3.75000e-01 6.00000e-01 6.04516e-13 
3.75000e-01 6.25000e-01 1.28764e-12 
3.75000e-01 6.50000e-01 4.88221e-13 
3.75000e-01 6.75000e-01 -3.69932e-12 
3.75000e-01 7.00000e-01 -9.11141e-12 
3.75000e-01 7.25000e-01 -2.89184e-12 
3.75000e-01 7.50000e-01 3.20602e-11 
3.75000e-01 7.75000e-01 6.83381e-11 
3.75000e-01 8.00000e-01 -3.81578e-11 
3.75000e-01 8.25000e-01 -4.01578e-10 
3.75000e-01 8.50000e-01 -2.90834e-10 
3.75000e-01 8.75000e-01 2.29524e-09 
3.75000e-01 9.00000e-01 3.09993e-09 
3.75000e-01 9.25000e-01 -2.54641e-08 
3.75000e-01 9.50000e-01 5.08124e-08 
3.75000e-01 9.75000e-01 -4.50252e-08 
3.75000e-01 1.00000e+00 0.00000e+00 

4.00000e-01 0.00000e+00 0.00000e+00 
4.00000e-01 2.50000e-02 -2.48565e-08 
4.00000e-01 5.00000e-02 2.86684e-08 
4.00000e-01 7.50000e-02 -1.51787e-08 
4.00000e-01 1.00000e-01 2.48741e-09 
4.00000e-01 1.25000e-01 1.15035e-09 
4.00000e-01 1.50000e-01 -2.74104e-10 
4.00000e-01 1.75000e-01 -2.02767e-10 
4.00000e-01 2.00000e-01 5.10891e-12 
4.00000e-01 2.25000e-01 3.94317e-11 
4.00000e-01 2.50000e-01 1.19845e-11 
4.00000e-01 2.75000e-01 -4.04807e-12 
4.00000e-01 3.00000e-01 -4.52283e-12 
4.00000e-01 3.25000e-01 -1.12244e-12 
4.00000e-01 3.50000e-01 6.21503e-13 
4.00000e-01 3.75000e-01 6.19726e-13 
4.00000e-01 4.00000e-01 2.62013e-13 
4.00000e-01 4.25000e-01 -3.44169e-14 
4.00000e-01 4.50000e-01 -2.04281e-14 
4.00000e-01 4.75000e-01 2.77556e-15 
4.00000e-01 5.00000e-01 -1.67644e-14 
4.00000e-01 5.25000e-01 -1.37668e-14 
4.00000e-01 5.50000e-01 -1.03806e-13 
4.00000e-01 5.75000e-01 -2.63123e-14 
4.00000e-01 6.00000e-01 2.11942e-13 
4.00000e-01 6.25000e-01 6.65801e-13 
4.00000e-01 6.50000e-01 6.18894e-13 
4.00000e-01 6.75000e-01 -1.09313e-12 
4.00000e-01 7.00000e-01 -4.51067e-12 
4.00000e-01 7.25000e-01 -4.05292e-12 
4.00000e-01 7.50000e-01 1.19933e-11 
4.00000e-01 7.75000e-01 3.94301e-11 
4.00000e-01 8.00000e-01 5.10944e-12 
4.00000e-01 8.25000e-01 -2.02802e-10 
4.00000e-01 8.50000e-01 -2.74113e-10 
4.00000e-01 8.75000e-01 1.15033e-09 
4.00000e-01 9.00000e-01 2.48738e-09 
4.00000e-01 9.25000e-01 -1.51786e-08 
4.00000e-01 9.50000e-01 2.86685e-08 
4.00000e-01 9.75000e-01 -2.48564e-08 
4.00000e-01 1.00000e+00 0.00000e+00 

4.25000e-01 0.00000e+00 0.00000e+00 
4.25000e-01 2.50000e-02 -2.25664e-09 
4.25000e-01 5.00000e-02 2.91847e-09 
4.25000e-01 7.50000e-02 -1.95132e-09 
4.25000e-01 1.00000e-01 6.22628e-10 
4.25000e-01 1.25000e-01 4.47390e-11 
4.25000e-01 1.50000e-01 -8.29909e-11 
4.25000e-01 1.75000e-01 -8.74029e-12 
4.25000e-01 2.00000e-01 1.38055e-11 
4.25000e-01 2.25000e-01 4.43798e-12 
4.25000e-01 2.50000e-01 -1.84268e-12 
4.25000e-01 2.75000e-01 -1.64044e-12 
4.25000e-01 3.00000e-01 -1.64313e-13 
4.25000e-01 3.25000e-01 3.78864e-13 
4.25000e-01 3.50000e-01 2.05613e-13 
4.25000e-01 3.75000e-01 -8.21565e-15 
4.25000e-01 4.00000e-01 -1.01030e-13 
4.25000e-01 4.25000e-01 -4.95159e-14 
4.25000e-01 4.50000e-01 -4.89608e-14 
4.25000e-01 4.75000e-01 3.33067e-14 
4.25000e-01 5.00000e-01 -1.03251e-14 
4.25000e-01 5.25000e-01 1.39888e-14 
4.25000e-01 5.50000e-01 2.03171e-14 
4.25000e-01 5.75000e-01 -6.36158e-14 
4.25000e-01 6.00000e-01 -4.82947e-14 
4.25000e-01 6.25000e-01 -3.85247e-14 
4.25000e-01 6.50000e-01 1.97509e-13 
4.25000e-01 6.75000e-01 3.24907e-13 
4.25000e-01 7.00000e-01 -1.86851e-13 
4.25000e-01 7.25000e-01 -1.65717e-12 
4.25000e-01 7.50000e-01 -1.84905e-12 
4.25000e-01 7.75000e-01 4.42119e-12 
4.25000e-01 8.00000e-01 1.38161e-11 
4.25000e-01 8.25000e-01 -8.72485e-12 
4.25000e-01 8.50000e-01 -8.29830e-11 
4.25000e-01 8.75000e-01 4.47433e-11 
4.25000e-01 9.00000e-01 6.22611e-10 
4.25000e-01 9.25000e-01 -1.95131e-09 
4.25000e-01 9.50000e-01 2.91838e-09 
4.25000e-01 9.75000e-01 -2.25669e-09 
4.25000e-01 1.00000e+00 0.00000e+00 

4.50000e-01 0.00000e+00 0.00000e+00 
4.50000e-01 2.50000e-02 5.57304e-09 
4.50000e-01 5.00000e-02 -6.25050e-09 
4.50000e-01 7.50000e-02 3.08059e-09 
4.50000e-01 1.00000e-01 -3.34262e-10 
4.50000e-01 1.25000e-01 -2.91598e-10 
4.50000e-01 1.50000e-01 2.87614e-11 
4.50000e-01 1.75000e-01 5.08983e-11 
4.50000e-01 2.00000e-01 6.37035e-12 
4.50000e-01 2.25000e-01 -8.39029e-12 
4.50000e-01 2.50000e-01 -4.36254e-12 
4.50000e-01 2.75000e-01 1.66422e-13 
4.50000e-01 3.00000e-01 1.13592e-12 
4.50000e-01 3.25000e-01 4.81393e-13 
4.50000e-01 3.50000e-01 -8.03801e-14 
4.50000e-01 3.75000e-01 -1.71196e-13 
4.50000e-01 4.00000e-01 -1.34226e-13 
4.50000e-01 4.25000e-01 -4.34097e-14 
4.50000e-01 4.50000e-01 4.26326e-14 
4.50000e-01 4.75000e-01 -2.37588e-14 
4.50000e-01 5.00000e-01 1.36557e-14 
4.50000e-01 5.25000e-01 -7.36078e-14 
4.50000e-01 5.50000e-01 2.86438e-14 
4.50000e-01 5.75000e-01 -1.32117e-14 
4.50000e-01 6.00000e-01 -1.45439e-13 
4.50000e-01 6.25000e-01 -1.72307e-13 
4.50000e-01 6.50000e-01 -9.40359e-14 
4.50000e-01 6.75000e-01 5.06539e-13 
4.50000e-01 7.00000e-01 1.13870e-12 
4.50000e-01 7.25000e-01 1.79107e-13 
4.50000e-01 7.50000e-01 -4.37480e-12 
4.50000e-01 7.75000e-01 -8.37996e-12 
4.50000e-01 8.00000e-01 6.35564e-12 
4.50000e-01 8.25000e-01 5.08873e-11 
4.50000e-01 8.50000e-01 2.87332e-11 
4.50000e-01 8.75000e-01 -2.91551e-10 
4.50000e-01 9.00000e-01 -3.34262e-10 
4.50000e-01 9.25000e-01 3.08061e-09 
4.50000e-01 9.50000e-01 -6.25045e-09 
4.50000e-01 9.75000e-01 5.57332e-09 
4.50000e-01 1.00000e+00 0.00000e+00 

4.75000e-01 0.00000e+00 0.00000e+00 
4.75000e-01 2.50000e-02 4.23840e-09 
4.75000e-01 5.00000e-02 -4.89846e-09 
4.75000e-01 7.50000e-02 2.60704e-09 
4.75000e-01 1.00000e-01 -4.37336e-10 
4.75000e-01 1.25000e-01 -1.94097e-10 
4.75000e-01 1.50000e-01 4.86620e-11 
4.75000e-01 1.75000e-01 3.42413e-11 
4.75000e-01 2.00000e-01 -1.30201e-12 
4.75000e-01 2.25000e-01 -6.72609e-12 
4.75000e-01 2.50000e-01 -1.92422e-12 
4.75000e-01 2.75000e-01 7.74353e-13 
4.75000e-01 3.00000e-01 7.93809e-13 
4.75000e-01 3.25000e-01 1.96398e-13 
4.75000e-01 3.50000e-01 -5.78426e-14 
4.75000e-01 3.75000e-01 -8.69305e-14 
4.75000e-01 4.00000e-01 3.88578e-14 
4.75000e-01 4.25000e-01 3.60822e-14 
4.75000e-01 4.50000e-01 6.77236e-15 
4.75000e-01 4.75000e-01 5.07372e-14 
4.75000e-01 5.00000e-01 -1.74305e-14 
4.75000e-01 5.25000e-01 1.03584e-13 
4.75000e-01 5.50000e-01 -9.99201e-15 
4.75000e-01 5.75000e-01 -3.33067e-16 
4.75000e-01 6.00000e-01 1.37668e-14 
4.75000e-01 6.25000e-01 -5.06262e-14 
4.75000e-01 6.50000e-01 -5.07372e-14 
4.75000e-01 6.75000e-01 2.15994e-13 
4.75000e-01 7.00000e-01 8.06355e-13 
4.75000e-01 7.25000e-01 7.78710e-13 
4.75000e-01 7.50000e-01 -1.89552e-12 
4.75000e-01 7.75000e-01 -6.70258e-12 
4.75000e-01 8.00000e-01 -1.26399e-12 
4.75000e-01 8.25000e-01 3.42734e-11 
4.75000e-01 8.50000e-01 4.87251e-11 
4.75000e-01 8.75000e-01 -1.94155e-10 
4.75000e-01 9.00000e-01 -4.37336e-10 
4.75000e-01 9.25000e-01 2.60706e-09 
4.75000e-01 9.50000e-01 -4.89840e-09 
4.75000e-01 9.75000e-01 4.23781e-09 
4.75000e-01 1.00000e+00 0.00000e+00 

5.00000e-01 0.00000e+00 0.00000e+00 
5.00000e-01 2.50000e-02 2.61244e-09 
5.00000e-01 5.00000e-02 -3.09627e-09 
5.00000e-01 7.50000e-02 1.74627e-09 
5.00000e-01 1.00000e-01 -3.65868e-10 
5.00000e-01 1.25000e-01 -1.05209e-10 
5.00000e-01 1.50000e-01 4.41135e-11 
5.00000e-01 1.75000e-01 1.88044e-11 
5.00000e-01 2.00000e-01 -4.03255e-12 
5.00000e-01 2.25000e-01 -4.37519e-12 
5.00000e-01 2.50000e-01 -4.80927e-13 
5.00000e-01 2.75000e-01 7.45931e-13 
5.00000e-01 3.00000e-01 3.97404e-13 
5.00000e-01 3.25000e-01 -1.44329e-15 
5.00000e-01 3.50000e-01 -1.29341e-13 
5.00000e-01 3.75000e-01 -6.96110e-14 
5.00000e-01 4.00000e-01 -4.45199e-14 
5.00000e-01 4.25000e-01 6.32827e-15 
5.00000e-01 4.50000e-01 1.36557e-14 
5.00000e-01 4.75000e-01 -2.57572e-14 
5.00000e-01 5.00000e-01 4.37428e-14 
5.00000e-01 5.25000e-01 -3.95239e-14 
5.00000e-01 5.50000e-01 3.85247e-14 
5.00000e-01 5.75000e-01 1.70974e-14 
5.00000e-01 6.00000e-01 2.55351e-15 
5.00000e-01 6.25000e-01 -9.71445e-14 
5.00000e-01 6.50000e-01 -1.38889e-13 
5.00000e-01 6.75000e-01 -3.04201e-14 
5.00000e-01 7.00000e-01 3.94629e-13 
5.00000e-01 7.25000e-01 7.38465e-13 
5.00000e-01 7.50000e-01 -5.01151e-13 
5.00000e-01 7.75000e-01 -4.37878e-12 
5.00000e-01 8.00000e-01 -4.07191e-12 
5.00000e-01 8.25000e-01 1.87685e-11 
5.00000e-01 8.50000e-01 4.40977e-11 
5.00000e-01 8.75000e-01 -1.05196e-10 
5.00000e-01 9.00000e-01 -3.65846e-10 
5.00000e-01 9.25000e-01 1.74626e-09 
5.00000e-01 9.50000e-01 -3.09635e-09 
5.00000e-01 9.75000e-01 2.61284e-09 
5.00000e-01 1.00000e+00 0.00000e+00 

5.25000e-01 0.00000e+00 0.00000e+00 
5.25000e-01 2.50000e-02 4.23791e-09 
5.25000e-01 5.00000e-02 -4.89843e-09 
5.25000e-01 7.50000e-02 2.60704e-09 
5.25000e-01 1.00000e-01 -4.37353e-10 
5.25000e-01 1.25000e-01 -1.94100e-10 
5.25000e-01 1.50000e-01 4.86812e-11 
5.25000e-01 1.75000e-01 3.42232e-11 
5.25000e-01 2.00000e-01 -1.33182e-12 
5.25000e-01 2.25000e-01 -6.74727e-12 
5.25000e-01 2.50000e-01 -1.96585e-12 
5.25000e-01 2.75000e-01 7.29639e-13 
5.25000e-01 3.00000e-01 7.61224e-13 
5.25000e-01 3.25000e-01 1.58984e-13 
5.25000e-01 3.50000e-01 -9.65894e-14 
5.25000e-01 3.75000e-01 -7.01661e-14 
5.25000e-01 4.00000e-01 1.12133e-14 
5.25000e-01 4.25000e-01 -3.59712e-14 
5.25000e-01 4.50000e-01 2.63123e-14 
5.25000e-01 4.75000e-01 3.66374e-15 
5.25000e-01 5.00000e-01 3.54161e-14 
5.25000e-01 5.25000e-01 1.76525e-14 
5.25000e-01 5.50000e-01 -2.37588e-14 
5.25000e-01 5.75000e-01 1.64313e-14 
5.25000e-01 6.00000e-01 -3.88578e-14 
5.25000e-01 6.25000e-01 -1.19904e-13 
5.25000e-01 6.50000e-01 -1.00586e-13 
5.25000e-01 6.75000e-01 1.59150e-13 
5.25000e-01 7.00000e-01 7.48068e-13 
5.25000e-01 7.25000e-01 7.31221e-13 
5.25000e-01 7.50000e-01 -1.95069e-12 
5.25000e-01 7.75000e-01 -6.76750e-12 
5.25000e-01 8.00000e-01 -1.32849e-12 
5.25000e-01 8.25000e-01 3.42289e-11 
5.25000e-01 8.50000e-01 4.86224e-11 
5.25000e-01 8.75000e-01 -1.94149e-10 
5.25000e-01 9.00000e-01 -4.37389e-10 
5.25000e-01 9.25000e-01 2.60709e-09 
5.25000e-01 9.50000e-01 -4.89844e-09 
5.25000e-01 9.75000e-01 4.23788e-09 
5.25000e-01 1.00000e+00 0.00000e+00 

5.50000e-01 0.00000e+00 0.00000e+00 
5.50000e-01 2.50000e-02 5.57338e-09 
5.50000e-01 5.00000e-02 -6.25050e-09 
5.50000e-01 7.50000e-02 3.08064e-09 
5.50000e-01 1.00000e-01 -3.34276e-10 
5.50000e-01 1.25000e-01 -2.91607e-10 
5.50000e-01 1.50000e-01 2.88018e-11 
5.50000e-01 1.75000e-01 5.09316e-11 
5.50000e-01 2.00000e-01 6.41853e-12 
5.50000e-01 2.25000e-01 -8.33336e-12 
5.50000e-01 2.50000e-01 -4.28899e-12 
5.50000e-01 2.75000e-01 2.40280e-13 
5.50000e-01 3.00000e-01 1.21220e-12 
5.50000e-01 3.25000e-01 5.49338e-13 
5.50000e-01 3.50000e-01 1.79856e-14 
5.50000e-01 3.75000e-01 -1.71307e-13 
5.50000e-01 4.00000e-01 -7.88258e-14 
5.50000e-01 4.25000e-01 3.41949e-14 
5.50000e-01 4.50000e-01 8.69305e-14 
5.50000e-01 4.75000e-01 -7.21645e-15 
5.50000e-01 5.00000e-01 -1.14353e-14 
5.50000e-01 5.25000e-01 3.45279e-14 
5.50000e-01 5.50000e-01 6.18394e-14 
5.50000e-01 5.75000e-01 6.10623e-15 
5.50000e-01 6.00000e-01 -8.17124e-14 
5.50000e-01 6.25000e-01 -1.50213e-13 
5.50000e-01 6.50000e-01 -2.55351e-15 
5.50000e-01 6.75000e-01 5.55056e-13 
5.50000e-01 7.00000e-01 1.18755e-12 
5.50000e-01 7.25000e-01 2.22489e-13 
5.50000e-01 7.50000e-01 -4.32276e-12 
5.50000e-01 7.75000e-01 -8.33242e-12 
5.50000e-01 8.00000e-01 6.41043e-12 
5.50000e-01 8.25000e-01 5.09318e-11 
5.50000e-01 8.50000e-01 2.88318e-11 
5.50000e-01 8.75000e-01 -2.91556e-10 
5.50000e-01 9.00000e-01 -3.34220e-10 
5.50000e-01 9.25000e-01 3.08058e-09 
5.50000e-01 9.50000e-01 -6.25043e-09 
5.50000e-01 9.75000e-01 5.57331e-09 
5.50000e-01 1.00000e+00 0.00000e+00 

5.75000e-01 0.00000e+00 0.00000e+00 
5.75000e-01 2.50000e-02 -2.25678e-09 
5.75000e-01 5.00000e-02 2.91839e-09 
5.75000e-01 7.50000e-02 -1.95133e-09 
5.75000e-01 1.00000e-01 6.22639e-10 
5.75000e-01 1.25000e-01 4.47461e-11 
5.75000e-01 1.50000e-01 -8.30059e-11 
5.75000e-01 1.75000e-01 -8.75261e-12 
5.75000e-01 2.00000e-01 1.37851e-11 
5.75000e-01 2.25000e-01 4.41824e-12 
5.75000e-01 2.50000e-01 -1.88709e-12 
5.75000e-01 2.75000e-01 -1.68560e-12 
5.75000e-01 3.00000e-01 -2.20601e-13 
5.75000e-01 3.25000e-01 3.20466e-13 
5.75000e-01 3.50000e-01 1.24900e-13 
5.75000e-01 3.75000e-01 -3.89688e-14 
5.75000e-01 4.00000e-01 -7.62723e-14 
5.75000e-01 4.25000e-01 -8.85958e-14 
5.75000e-01 4.50000e-01 -7.98250e-14 
5.75000e-01 4.75000e-01 2.44249e-15 
5.75000e-01 5.00000e-01 1.43219e-14 
5.75000e-01 5.25000e-01 -3.35287e-14 
5.75000e-01 5.50000e-01 -1.33227e-14 
5.75000e-01 5.75000e-01 -8.06022e-14 
5.75000e-01 6.00000e-01 -6.80567e-14 
5.75000e-01 6.25000e-01 -1.65423e-14 
5.75000e-01 6.50000e-01 1.68199e-13 
5.75000e-01 6.75000e-01 3.13638e-13 
5.75000e-01 7.00000e-01 -1.99452e-13 
5.75000e-01 7.25000e-01 -1.66731e-12 
5.75000e-01 7.50000e-01 -1.86536e-12 
5.75000e-01 7.75000e-01 4.40634e-12 
5.75000e-01 8.00000e-01 1.37940e-11 
5.75000e-01 8.25000e-01 -8.77887e-12 
5.75000e-01 8.50000e-01 -8.30134e-11 
5.75000e-01 8.75000e-01 4.47421e-11 
5.75000e-01 9.00000e-01 6.22578e-10 
5.75000e-01 9.25000e-01 -1.95127e-09 
5.75000e-01 9.50000e-01 2.91838e-09 
5.75000e-01 9.75000e-01 -2.25679e-09 
5.75000e-01 1.00000e+00 0.00000e+00 

6.00000e-01 0.00000e+00 0.00000e+00 
6.00000e-01 2.50000e-02 -2.48564e-08 
6.00000e-01 5.00000e-02 2.86685e-08 
6.00000e-01 7.50000e-02 -1.51787e-08 
6.00000e-01 1.00000e-01 2.48741e-09 
6.00000e-01 1.25000e-01 1.15036e-09 
6.00000e-01 1.50000e-01 -2.74115e-10 
6.00000e-01 1.75000e-01 -2.02777e-10 
6.00000e-01 2.00000e-01 5.09129e-12 
6.00000e-01 2.25000e-01 3.94119e-11 
6.00000e-01 2.50000e-01 1.19900e-11 
6.00000e-01 2.75000e-01 -4.04810e-12 
6.00000e-01 3.00000e-01 -4.51733e-12 
6.00000e-01 3.25000e-01 -1.13359e-12 
6.00000e-01 3.50000e-01 6.24223e-13 
6.00000e-01 3.75000e-01 6.55809e-13 
6.00000e-01 4.00000e-01 1.67533e-13 
6.00000e-01 4.25000e-01 -5.66214e-14 
6.00000e-01 4.50000e-01 2.66454e-14 
6.00000e-01 4.75000e-01 -2.50910e-14 
6.00000e-01 5.00000e-01 2.47580e-14 
6.00000e-01 5.25000e-01 -3.05311e-14 
6.00000e-01 5.50000e-01 -9.00391e-14 
6.00000e-01 5.75000e-01 -4.30767e-14 
6.00000e-01 6.00000e-01 1.86851e-13 
6.00000e-01 6.25000e-01 6.30940e-13 
6.00000e-01 6.50000e-01 6.10512e-13 
6.00000e-01 6.75000e-01 -1.10706e-12 
6.00000e-01 7.00000e-01 -4.51350e-12 
6.00000e-01 7.25000e-01 -4.05539e-12 
6.00000e-01 7.50000e-01 1.19930e-11 
6.00000e-01 7.75000e-01 3.94329e-11 
6.00000e-01 8.00000e-01 5.11780e-12 
6.00000e-01 8.25000e-01 -2.02766e-10 
6.00000e-01 8.50000e-01 -2.74121e-10 
6.00000e-01 8.75000e-01 1.15035e-09 
6.00000e-01 9.00000e-01 2.48744e-09 
6.00000e-01 9.25000e-01 -1.51787e-08 
6.00000e-01 9.50000e-01 2.86685e-08 
6.00000e-01 9.75000e-01 -2.48564e-08 
6.00000e-01 1.00000e+00 0.00000e+00 

6.25000e-01 0.00000e+00 0.00000e+00 
6.25000e-01 2.50000e-02 -4.50251e-08 
6.25000e-01 5.00000e-02 5.08123e-08 
6.25000e-01 7.50000e-02 -2.54640e-08 
6.25000e-01 1.00000e-01 3.09988e-09 
6.25000e-01 1.25000e-01 2.29524e-09 
6.25000e-01 1.50000e-01 -2.90870e-10 
6.25000e-01 1.75000e-01 -4.01588e-10 
6.25000e-01 2.00000e-01 -3.81445e-11 
6.25000e-01 2.25000e-01 6.83341e-11 
6.25000e-01 2.50000e-01 3.20545e-11 
6.25000e-01 2.75000e-01 -2.90472e-12 
6.25000e-01 3.00000e-01 -9.11030e-12 
6.25000e-01 3.25000e-01 -3.66540e-12 
6.25000e-01 3.50000e-01 5.02098e-13 
6.25000e-01 3.75000e-01 1.28764e-12 
6.25000e-01 4.00000e-01 6.47704e-13 
6.25000e-01 4.25000e-01 1.42109e-14 
6.25000e-01 4.50000e-01 -2.51466e-13 
6.25000e-01 4.75000e-01 -8.39329e-14 
6.25000e-01 5.00000e-01 -9.43690e-14 
6.25000e-01 5.25000e-01 -6.99441e-14 
6.25000e-01 5.50000e-01 -1.51656e-13 
6.25000e-01 5.75000e-01 4.04121e-14 
6.25000e-01 6.00000e-01 6.26832e-13 
6.25000e-01 6.25000e-01 1.30440e-12 
6.25000e-01 6.50000e-01 5.11979e-13 
6.25000e-01 6.75000e-01 -3.67639e-12 
6.25000e-01 7.00000e-01 -9.10094e-12 
6.25000e-01 7.25000e-01 -2.88972e-12 
6.25000e-01 7.50000e-01 3.20623e-11 
6.25000e-01 7.75000e-01 6.83446e-11 
6.25000e-01 8.00000e-01 -3.81614e-11 
6.25000e-01 8.25000e-01 -4.01578e-10 
6.25000e-01 8.50000e-01 -2.90827e-10 
6.25000e-01 8.75000e-01 2.29525e-09 
6.25000e-01 9.00000e-01 3.09989e-09 
6.25000e-01 9.25000e-01 -2.54640e-08 
6.25000e-01 9.50000e-01 5.08123e-08 
6.25000e-01 9.75000e-01 -4.50251e-08 
6.25000e-01 1.00000e+00 0.00000e+00 

6.50000e-01 0.00000e+00 0.00000e+00 
6.50000e-01 2.50000e-02 -6.27220e-09 
6.50000e-01 5.00000e-02 5.01964e-09 
6.50000e-01 7.50000e-02 1.92468e-10 
6.50000e-01 1.00000e-01 -2.15716e-09 
6.50000e-01 1.25000e-01 7.09268e-10 
6.50000e-01 1.50000e-01 3.38419e-10 
6.50000e-01 1.75000e-01 -1.19027e-10 
6.50000e-01 2.00000e-01 -9.25253e-11 
6.50000e-01 2.25000e-01 3.93222e-12 
6.50000e-01 2.50000e-01 2.35948e-11 
6.50000e-01 2.75000e-01 7.89104e-12 
6.50000e-01 3.00000e-01 -2.88441e-12 
6.50000e-01 3.25000e-01 -3.54677e-12 
6.50000e-01 3.50000e-01 -9.76164e-13 
6.50000e-01 3.75000e-01 5.17364e-13 
6.50000e-01 4.00000e-01 5.61995e-13 
6.50000e-01 4.25000e-01 2.11386e-13 
6.50000e-01 4.50000e-01 -3.16414e-14 
6.50000e-01 4.75000e-01 -1.17351e-13 
6.50000e-01 5.00000e-01 -8.04912e-14 
6.50000e-01 5.25000e-01 -1.17240e-13 
6.50000e-01 5.50000e-01 -8.02691e-14 
6.50000e-01 5.75000e-01 1.87517e-13 
6.50000e-01 6.00000e-01 5.86919e-13 
6.50000e-01 6.25000e-01 4.92550e-13 
6.50000e-01 6.50000e-01 -1.01347e-12 
6.50000e-01 6.75000e-01 -3.54666e-12 
6.50000e-01 7.00000e-01 -2.89621e-12 
6.50000e-01 7.25000e-01 7.87595e-12 
6.50000e-01 7.50000e-01 2.35694e-11 
6.50000e-01 7.75000e-01 3.90460e-12 
6.50000e-01 8.00000e-01 -9.25307e-11 
6.50000e-01 8.25000e-01 -1.19044e-10 
6.50000e-01 8.50000e-01 3.38378e-10 
6.50000e-01 8.75000e-01 7.09255e-10 
6.50000e-01 9.00000e-01 -2.15717e-09 
6.50000e-01 9.25000e-01 1.92482e-10 
6.50000e-01 9.50000e-01 5.01961e-09 
6.50000e-01 9.75000e-01 -6.27217e-09 
6.50000e-01 1.00000e+00 0.00000e+00 

6.75000e-01 0.00000e+00 0.00000e+00 
6.75000e-01 2.50000e-02 1.47247e-07 
6.75000e-01 5.00000e-02 -1.69868e-07 
6.75000e-01 7.50000e-02 8.99873e-08 
6.75000e-01 1.00000e-01 -1.47838e-08 
6.75000e-01 1.25000e-01 -6.80712e-09 
6.75000e-01 1.50000e-01 1.63111e-09 
6.75000e-01 1.75000e-01 1.20010e-09 
6.75000e-01 2.00000e-01 -3.17396e-11 
6.75000e-01 2.25000e-01 -2.33554e-10 
6.75000e-01 2.50000e-01 -7.05528e-11 
6.75000e-01 2.75000e-01 2.42979e-11 
6.75000e-01 3.00000e-01 2.68533e-11 
6.75000e-01 3.25000e-01 6.64374e-12 
6.75000e-01 3.50000e-01 -3.53845e-12 
6.75000e-01 3.75000e-01 -3.70420e-12 
6.75000e-01 4.00000e-01 -1.10978e-12 
6.75000e-01 4.25000e-01 3.55438e-13 
6.75000e-01 4.50000e-01 5.27356e-13 
6.75000e-01 4.75000e-01 1.56319e-13 
6.75000e-01 5.00000e-01 -9.60343e-15 
6.75000e-01 5.25000e-01 1.73028e-13 
6.75000e-01 5.50000e-01 5.14810e-13 
6.75000e-01 5.75000e-01 3.71925e-13 
6.75000e-01 6.00000e-01 -1.14592e-12 
6.75000e-01 6.25000e-01 -3.70137e-12 
6.75000e-01 6.50000e-01 -3.52374e-12 
6.75000e-01 6.75000e-01 6.64105e-12 
6.75000e-01 7.00000e-01 2.68514e-11 
6.75000e-01 7.25000e-01 2.42979e-11 
6.75000e-01 7.50000e-01 -7.05421e-11 
6.75000e-01 7.75000e-01 -2.33539e-10 
6.75000e-01 8.00000e-01 -3.17416e-11 
6.75000e-01 8.25000e-01 1.20012e-09 
6.75000e-01 8.50000e-01 1.63111e-09 
6.75000e-01 8.75000e-01 -6.80713e-09 
6.75000e-01 9.00000e-01 -1.47838e-08 
6.75000e-01 9.25000e-01 8.99873e-08 
6.75000e-01 9.50000e-01 -1.69868e-07 
6.75000e-01 9.75000e-01 1.47247e-07 
6.75000e-01 1.00000e+00 0.00000e+00 

7.00000e-01 0.00000e+00 0.00000e+00 
7.00000e-01 2.50000e-02 3.08307e-07 
7.00000e-01 5.00000e-02 -3.46846e-07 
7.00000e-01 7.50000e-02 1.72386e-07 
7.00000e-01 1.00000e-01 -1.98568e-08 
7.00000e-01 1.25000e-01 -1.59226e-08 
7.00000e-01 1.50000e-01 1.79102e-09 
7.00000e-01 1.75000e-01 2.78324e-09 
7.00000e-01 2.00000e-01 3.07347e-10 
7.00000e-01 2.25000e-01 -4.65003e-10 
7.00000e-01 2.50000e-01 -2.29670e-10 
7.00000e-01 2.75000e-01 1.53822e-11 
7.00000e-01 3.00000e-01 6.31801e-11 
7.00000e-01 3.25000e-01 2.68623e-11 
7.00000e-01 3.50000e-01 -2.88447e-12 
7.00000e-01 3.75000e-01 -9.08887e-12 
7.00000e-01 4.00000e-01 -4.53532e-12 
7.00000e-01 4.25000e-01 -1.60094e-13 
7.00000e-01 4.50000e-01 1.16296e-12 
7.00000e-01 4.75000e-01 7.90368e-13 
7.00000e-01 5.00000e-01 4.26548e-13 
7.00000e-01 5.25000e-01 7.77156e-13 
7.00000e-01 5.50000e-01 1.17611e-12 
7.00000e-01 5.75000e-01 -1.63702e-13 
7.00000e-01 6.00000e-01 -4.52566e-12 
7.00000e-01 6.25000e-01 -9.08254e-12 
7.00000e-01 6.50000e-01 -2.88061e-12 
7.00000e-01 6.75000e-01 2.68623e-11 
7.00000e-01 7.00000e-01 6.31839e-11 
7.00000e-01 7.25000e-01 1.53867e-11 
7.00000e-01 7.50000e-01 -2.29667e-10 
7.00000e-01 7.75000e-01 -4.65009e-10 
7.00000e-01 8.00000e-01 3.07348e-10 
7.00000e-01 8.25000e-01 2.78322e-09 
7.00000e-01 8.50000e-01 1.79102e-09 
7.00000e-01 8.75000e-01 -1.59226e-08 
7.00000e-01 9.00000e-01 -1.98568e-08 
7.00000e-01 9.25000e-01 1.72386e-07 
7.00000e-01 9.50000e-01 -3.46846e-07 
7.00000e-01 9.75000e-01 3.08307e-07 
7.00000e-01 1.00000e+00 0.00000e+00 

7.25000e-01 0.00000e+00 0.00000e+00 
7.25000e-01 2.50000e-02 1.47260e-08 
7.25000e-01 5.00000e-02 -8.68431e-10 
7.25000e-01 7.50000e-02 -2.02836e-08 
7.25000e-01 1.00000e-01 1.87940e-08 
7.25000e-01 1.25000e-01 -3.73105e-09 
7.25000e-01 1.50000e-01 -2.80389e-09 
7.25000e-01 1.75000e-01 6.14027e-10 
7.25000e-01 2.00000e-01 6.79684e-10 
7.25000e-01 2.25000e-01 2.04572e-11 
7.25000e-01 2.50000e-01 -1.56775e-10 
7.25000e-01 2.75000e-01 -6.24315e-11 
7.25000e-01 3.00000e-01 1.53792e-11 
7.25000e-01 3.25000e-01 2.43003e-11 
7.25000e-01 3.50000e-01 7.88217e-12 
7.25000e-01 3.75000e-01 -2.88768e-12 
7.25000e-01 4.00000e-01 -4.07721e-12 
7.25000e-01 4.25000e-01 -1.63844e-12 
7.25000e-01 4.50000e-01 1.95066e-13 
7.25000e-01 4.75000e-01 7.32220e-13 
7.25000e-01 5.00000e-01 7.63112e-13 
7.25000e-01 5.25000e-01 7.33635e-13 
7.25000e-01 5.50000e-01 1.94011e-13 
7.25000e-01 5.75000e-01 -1.64160e-12 
7.25000e-01 6.00000e-01 -4.07932e-12 
7.25000e-01 6.25000e-01 -2.88937e-12 
7.25000e-01 6.50000e-01 7.87768e-12 
7.25000e-01 6.75000e-01 2.42982e-11 
7.25000e-01 7.00000e-01 1.53743e-11 
7.25000e-01 7.25000e-01 -6.24359e-11 
7.25000e-01 7.50000e-01 -1.56776e-10 
7.25000e-01 7.75000e-01 2.04580e-11 
7.25000e-01 8.00000e-01 6.79685e-10 
7.25000e-01 8.25000e-01 6.14035e-10 
7.25000e-01 8.50000e-01 -2.80389e-09 
7.25000e-01 8.75000e-01 -3.73104e-09 
7.25000e-01 9.00000e-01 1.87940e-08 
7.25000e-01 9.25000e-01 -2.02836e-08 
7.25000e-01 9.50000e-01 -8.68421e-10 
7.25000e-01 9.75000e-01 1.47260e-08 
7.25000e-01 1.00000e+00 0.00000e+00 

7.50000e-01 0.00000e+00 0.00000e+00 
7.50000e-01 2.50000e-02 -1.21282e-06 
7.50000e-01 5.00000e-02 1.38835e-06 
7.50000e-01 7.50000e-02 -7.21599e-07 
7.50000e-01 1.00000e-01 1.08206e-07 
7.50000e-01 1.25000e-01 5.81084e-08 
7.50000e-01 1.50000e-01 -1.14498e-08 
7.50000e-01 1.75000e-01 -1.02154e-08 
7.50000e-01 2.00000e-01 -1.95377e-10 
7.50000e-01 2.25000e-01 1.89431e-09 
7.50000e-01 2.50000e-01 6.81244e-10 
7.50000e-01 2.75000e-01 -1.56778e-10 
7.50000e-01 3.00000e-01 -2.29677e-10 
7.50000e-01 3.25000e-01 -7.05509e-11 
7.50000e-01 3.50000e-01 2.35848e-11 
7.50000e-01 3.75000e-01 3.20593e-11 
7.50000e-01 4.00000e-01 1.19690e-11 
7.50000e-01 4.25000e-01 -1.84654e-12 
7.50000e-01 4.50000e-01 -4.33832e-12 
7.50000e-01 4.75000e-01 -1.94115e-12 
7.50000e-01 5.00000e-01 -4.88927e-13 
7.50000e-01 5.25000e-01 -1.94207e-12 
7.50000e-01 5.50000e-01 -4.33335e-12 
7.50000e-01 5.75000e-01 -1.84618e-12 
7.50000e-01 6.00000e-01 1.19677e-11 
7.50000e-01 6.25000e-01 3.20657e-11 
7.50000e-01 6.50000e-01 2.35853e-11 
7.50000e-01 6.75000e-01 -7.05506e-11 
7.50000e-01 7.00000e-01 -2.29676e-10 
7.50000e-01 7.25000e-01 -1.56774e-10 
7.50000e-01 7.50000e-01 6.81244e-10 
7.50000e-01 7.75000e-01 1.89431e-09 
7.50000e-01 8.00000e-01 -1.95377e-10 
7.50000e-01 8.25000e-01 -1.02153e-08 
7.50000e-01 8.50000e-01 -1.14498e-08 
7.50000e-01 8.75000e-01 5.81084e-08 
7.50000e-01 9.00000e-01 1.08206e-07 
7.50000e-01 9.25000e-01 -7.21599e-07 
7.50000e-01 9.50000e-01 1.38835e-06 
7.50000e-01 9.75000e-01 -1.21282e-06 
7.50000e-01 1.00000e+00 0.00000e+00 

7.75000e-01 0.00000e+00 0.00000e+00 
7.75000e-01 2.50000e-02 -2.14758e-06 
7.75000e-01 5.00000e-02 2.38433e-06 
7.75000e-01 7.50000e-02 -1.14320e-06 
7.75000e-01 1.00000e-01 9.84455e-08 
7.75000e-01 1.25000e-01 1.16912e-07 
7.75000e-01 1.50000e-01 -6.64023e-09 
7.75000e-01 1.75000e-01 -2.03588e-08 
7.75000e-01 2.00000e-01 -3.48392e-09 
7.75000e-01 2.25000e-01 3.15298e-09 
7.75000e-01 2.50000e-01 1.89431e-09 
7.75000e-01 2.75000e-01 2.04646e-11 
7.75000e-01 3.00000e-01 -4.65009e-10 
7.75000e-01 3.25000e-01 -2.33545e-10 
7.75000e-01 3.50000e-01 3.93154e-12 
7.75000e-01 3.75000e-01 6.83425e-11 
7.75000e-01 4.00000e-01 3.94059e-11 
7.75000e-01 4.25000e-01 4.42824e-12 
7.75000e-01 4.50000e-01 -8.35332e-12 
7.75000e-01 4.75000e-01 -6.75274e-12 
7.75000e-01 5.00000e-01 -4.37822e-12 
7.75000e-01 5.25000e-01 -6.75257e-12 
7.75000e-01 5.50000e-01 -8.35768e-12 
7.75000e-01 5.75000e-01 4.42921e-12 
7.75000e-01 6.00000e-01 3.94117e-11 
7.75000e-01 6.25000e-01 6.83460e-11 
7.75000e-01 6.50000e-01 3.92425e-12 
7.75000e-01 6.75000e-01 -2.33541e-10 
7.75000e-01 7.00000e-01 -4.65012e-10 
7.75000e-01 7.25000e-01 2.04601e-11 
7.75000e-01 7.50000e-01 1.89431e-09 
7.75000e-01 7.75000e-01 3.15298e-09 
7.75000e-01 8.00000e-01 -3.48392e-09 
7.75000e-01 8.25000e-01 -2.03588e-08 
7.75000e-01 8.50000e-01 -6.64023e-09 
7.75000e-01 8.75000e-01 1.16912e-07 
7.75000e-01 9.00000e-01 9.84455e-08 
7.75000e-01 9.25000e-01 -1.14320e-06 
7.75000e-01 9.50000e-01 2.38433e-06 
7.75000e-01 9.75000e-01 -2.14758e-06 
7.75000e-01 1.00000e+00 0.00000e+00 

8.00000e-01 0.00000e+00 0.00000e+00 
8.00000e-01 2.50000e-02 2.05128e-06 
8.00000e-01 5.00000e-02 -2.45118e-06 
8.00000e-01 7.50000e-02 1.40761e-06 
8.00000e-01 1.00000e-01 -3.12572e-07 
8.00000e-01 1.25000e-01 -7.87865e-08 
8.00000e-01 1.50000e-01 3.83274e-08 
8.00000e-01 1.75000e-01 1.41204e-08 
8.00000e-01 2.00000e-01 -4.03367e-09 
8.00000e-01 2.25000e-01 -3.48393e-09 
8.00000e-01 2.50000e-01 -1.95378e-10 
8.00000e-01 2.75000e-01 6.79684e-10 
8.00000e-01 3.00000e-01 3.07339e-10 
8.00000e-01 3.25000e-01 -3.17436e-11 
8.00000e-01 3.50000e-01 -9.25335e-11 
8.00000e-01 3.75000e-01 -3.81467e-11 
8.00000e-01 4.00000e-01 5.08102e-12 
8.00000e-01 4.25000e-01 1.38394e-11 
8.00000e-01 4.50000e-01 6.40077e-12 
8.00000e-01 4.75000e-01 -1.29624e-12 
8.00000e-01 5.00000e-01 -4.04415e-12 
8.00000e-01 5.25000e-01 -1.31045e-12 
8.00000e-01 5.50000e-01 6.39377e-12 
8.00000e-01 5.75000e-01 1.38267e-11 
8.00000e-01 6.00000e-01 5.08660e-12 
8.00000e-01 6.25000e-01 -3.81478e-11 
8.00000e-01 6.50000e-01 -9.25252e-11 
8.00000e-01 6.75000e-01 -3.17419e-11 
8.00000e-01 7.00000e-01 3.07346e-10 
8.00000e-01 7.25000e-01 6.79686e-10 
8.00000e-01 7.50000e-01 -1.95380e-10 
8.00000e-01 7.75000e-01 -3.48392e-09 
8.00000e-01 8.00000e-01 -4.03368e-09 
8.00000e-01 8.25000e-01 1.41204e-08 
8.00000e-01 8.50000e-01 3.83274e-08 
8.00000e-01 8.75000e-01 -7.87865e-08 
8.00000e-01 9.00000e-01 -3.12572e-07 
8.00000e-01 9.25000e-01 1.40761e-06 
8.00000e-01 9.50000e-01 -2.45118e-06 
8.00000e-01 9.75000e-01 2.05128e-06 
8.00000e-01 1.00000e+00 0.00000e+00 

8.25000e-01 0.00000e+00 0.00000e+00 
8.25000e-01 2.50000e-02 1.35252e-05 
8.25000e-01 5.00000e-02 -1.52008e-05 
8.25000e-01 7.50000e-02 7.53508e-06 
8.25000e-01 1.00000e-01 -8.52180e-07 
8.25000e-01 1.25000e-01 -7.01359e-07 
8.25000e-01 1.50000e-01 7.58009e-08 
8.25000e-01 1.75000e-01 1.22559e-07 
8.25000e-01 2.00000e-01 1.41204e-08 
8.25000e-01 2.25000e-01 -2.03588e-08 
8.25000e-01 2.50000e-01 -1.02153e-08 
8.25000e-01 2.75000e-01 6.14030e-10 
8.25000e-01 3.00000e-01 2.78323e-09 
8.25000e-01 3.25000e-01 1.20012e-09 
8.25000e-01 3.50000e-01 -1.19020e-10 
8.25000e-01 3.75000e-01 -4.01583e-10 
8.25000e-01 4.00000e-01 -2.02783e-10 
8.25000e-01 4.25000e-01 -8.72763e-12 
8.25000e-01 4.50000e-01 5.08915e-11 
8.25000e-01 4.75000e-01 3.42317e-11 
8.25000e-01 5.00000e-01 1.87796e-11 
8.25000e-01 5.25000e-01 3.42456e-11 
8.25000e-01 5.50000e-01 5.09047e-11 
8.25000e-01 5.75000e-01 -8.72613e-12 
8.25000e-01 6.00000e-01 -2.02809e-10 
8.25000e-01 6.25000e-01 -4.01589e-10 
8.25000e-01 6.50000e-01 -1.19029e-10 
8.25000e-01 6.75000e-01 1.20011e-09 
8.25000e-01 7.00000e-01 2.78323e-09 
8.25000e-01 7.25000e-01 6.14031e-10 
8.25000e-01 7.50000e-01 -1.02154e-08 
8.25000e-01 7.75000e-01 -2.03588e-08 
8.25000e-01 8.00000e-01 1.41204e-08 
8.25000e-01 8.25000e-01 1.22559e-07 
8.25000e-01 8.50000e-01 7.58008e-08 
8.25000e-01 8.75000e-01 -7.01359e-07 
8.25000e-01 9.00000e-01 -8.52180e-07 
8.25000e-01 9.25000e-01 7.53508e-06 
8.25000e-01 9.50000e-01 -1.52008e-05 
8.25000e-01 9.75000e-01 1.35252e-05 
8.25000e-01 1.00000e+00 0.00000e+00 

8.50000e-01 0.00000e+00 0.00000e+00 
8.50000e-01 2.50000e-02 5.78758e-06 
8.50000e-01 5.00000e-02 -5.74248e-06 
8.50000e-01 7.50000e-02 1.83988e-06 
8.50000e-01 1.00000e-01 5.93809e-07 
8.50000e-01 1.25000e-01 -4.44335e-07 
8.50000e-01 1.50000e-01 -1.07842e-07 
8.50000e-01 1.75000e-01 7.58009e-08 
8.50000e-01 2.00000e-01 3.83274e-08 
8.50000e-01 2.25000e-01 -6.64024e-09 
8.50000e-01 2.50000e-01 -1.14498e-08 
8.50000e-01 2.75000e-01 -2.80390e-09 
8.50000e-01 3.00000e-01 1.79102e-09 
8.50000e-01 3.25000e-01 1.63111e-09 
8.50000e-01 3.50000e-01 3.38375e-10 
8.50000e-01 3.75000e-01 -2.90847e-10 
8.50000e-01 4.00000e-01 -2.74152e-10 
8.50000e-01 4.25000e-01 -8.29816e-11 
8.50000e-01 4.50000e-01 2.87708e-11 
8.50000e-01 4.75000e-01 4.86766e-11 
8.50000e-01 5.00000e-01 4.40713e-11 
8.50000e-01 5.25000e-01 4.86987e-11 
8.50000e-01 5.50000e-01 2.87486e-11 
8.50000e-01 5.75000e-01 -8.29786e-11 
8.50000e-01 6.00000e-01 -2.74132e-10 
8.50000e-01 6.25000e-01 -2.90843e-10 
8.50000e-01 6.50000e-01 3.38404e-10 
8.50000e-01 6.75000e-01 1.63110e-09 
8.50000e-01 7.00000e-01 1.79100e-09 
8.50000e-01 7.25000e-01 -2.80390e-09 
8.50000e-01 7.50000e-01 -1.14498e-08 
8.50000e-01 7.75000e-01 -6.64023e-09 
8.50000e-01 8.00000e-01 3.83274e-08 
8.50000e-01 8.25000e-01 7.58009e-08 
8.50000e-01 8.50000e-01 -1.07842e-07 
8.50000e-01 8.75000e-01 -4.44335e-07 
8.50000e-01 9.00000e-01 5.93809e-07 
8.50000e-01 9.25000e-01 1.83988e-06 
8.50000e-01 9.50000e-01 -5.74248e-06 
8.50000e-01 9.75000e-01 5.78758e-06 
8.50000e-01 1.00000e+00 0.00000e+00 

8.75000e-01 0.00000e+00 0.00000e+00 
8.75000e-01 2.50000e-02 -7.75752e-05 
8.75000e-01 5.00000e-02 8.72379e-05 
8.75000e-01 7.50000e-02 -4.33128e-05 
8.75000e-01 1.00000e-01 4.95316e-06 
8.75000e-01 1.25000e-01 4.01289e-06 
8.75000e-01 1.50000e-01 -4.44334e-07 
8.75000e-01 1.75000e-01 -7.01359e-07 
8.75000e-01 2.00000e-01 -7.87865e-08 
8.75000e-01 2.25000e-01 1.16912e-07 
8.75000e-01 2.50000e-01 5.81084e-08 
8.75000e-01 2.75000e-01 -3.73103e-09 
8.75000e-01 3.00000e-01 -1.59226e-08 
8.75000e-01 3.25000e-01 -6.80715e-09 
8.75000e-01 3.50000e-01 7.09308e-10 
8.75000e-01 3.75000e-01 2.29527e-09 
8.75000e-01 4.00000e-01 1.15033e-09 
8.75000e-01 4.25000e-01 4.47558e-11 
8.75000e-01 4.50000e-01 -2.91552e-10 
8.75000e-01 4.75000e-01 -1.94133e-10 
8.75000e-01 5.00000e-01 -1.05175e-10 
8.75000e-01 5.25000e-01 -1.94147e-10 
8.75000e-01 5.50000e-01 -2.91530e-10 
8.75000e-01 5.75000e-01 4.47657e-11 
8.75000e-01 6.00000e-01 1.15036e-09 
8.75000e-01 6.25000e-01 2.29528e-09 
8.75000e-01 6.50000e-01 7.09284e-10 
8.75000e-01 6.75000e-01 -6.80712e-09 
8.75000e-01 7.00000e-01 -1.59226e-08 
8.75000e-01 7.25000e-01 -3.73103e-09 
8.75000e-01 7.50000e-01 5.81085e-08 
8.75000e-01 7.75000e-01 1.16912e-07 
8.75000e-01 8.00000e-01 -7.87865e-08 
8.75000e-01 8.25000e-01 -7.01359e-07 
8.75000e-01 8.50000e-01 -4.44335e-07 
8.75000e-01 8.75000e-01 4.01289e-06 
8.75000e-01 9.00000e-01 4.95316e-06 
8.75000e-01 9.25000e-01 -4.33128e-05 
8.75000e-01 9.50000e-01 8.72379e-05 
8.75000e-01 9.75000e-01 -7.75752e-05 
8.75000e-01 1.00000e+00 0.00000e+00 

9.00000e-01 0.00000e+00 0.00000e+00 
9.00000e-01 2.50000e-02 -7.53710e-05 
9.00000e-01 5.00000e-02 7.91876e-05 
9.00000e-01 7.50000e-02 -3.19608e-05 
9.00000e-01 1.00000e-01 -2.19456e-06 
9.00000e-01 1.25000e-01 4.95316e-06 
9.00000e-01 1.50000e-01 5.93809e-07 
9.00000e-01 1.75000e-01 -8.52180e-07 
9.00000e-01 2.00000e-01 -3.12572e-07 
9.00000e-01 2.25000e-01 9.84455e-08 
9.00000e-01 2.50000e-01 1.08206e-07 
9.00000e-01 2.75000e-01 1.87940e-08 
9.00000e-01 3.00000e-01 -1.98568e-08 
9.00000e-01 3.25000e-01 -1.47838e-08 
9.00000e-01 3.50000e-01 -2.15718e-09 
9.00000e-01 3.75000e-01 3.09985e-09 
9.00000e-01 4.00000e-01 2.48742e-09 
9.00000e-01 4.25000e-01 6.22653e-10 
9.00000e-01 4.50000e-01 -3.34323e-10 
9.00000e-01 4.75000e-01 -4.37331e-10 
9.00000e-01 5.00000e-01 -3.65899e-10 
9.00000e-01 5.25000e-01 -4.37353e-10 
9.00000e-01 5.50000e-01 -3.34276e-10 
9.00000e-01 5.75000e-01 6.22617e-10 
9.00000e-01 6.00000e-01 2.48737e-09 
9.00000e-01 6.25000e-01 3.09986e-09 
9.00000e-01 6.50000e-01 -2.15717e-09 
9.00000e-01 6.75000e-01 -1.47838e-08 
9.00000e-01 7.00000e-01 -1.98569e-08 
9.00000e-01 7.25000e-01 1.87940e-08 
9.00000e-01 7.50000e-01 1.08206e-07 
9.00000e-01 7.75000e-01 9.84455e-08 
9.00000e-01 8.00000e-01 -3.12572e-07 
9.00000e-01 8.25000e-01 -8.52180e-07 
9.00000e-01 8.50000e-01 5.93809e-07 
9.00000e-01 8.75000e-01 4.95316e-06 
9.00000e-01 9.00000e-01 -2.19456e-06 
9.00000e-01 9.25000e-01 -3.19608e-05 
9.00000e-01 9.50000e-01 7.91876e-05 
9.00000e-01 9.75000e-01 -7.53710e-05 
9.00000e-01 1.00000e+00 0.00000e+00 

9.25000e-01 0.00000e+00 0.00000e+00 
9.25000e-01 2.50000e-02 7.84558e-04 
9.25000e-01 5.00000e-02 -8.67864e-04 
9.25000e-01 7.50000e-02 4.11852e-04 
9.25000e-01 1.00000e-01 -3.19608e-05 
9.25000e-01 1.25000e-01 -4.33128e-05 
9.25000e-01 1.50000e-01 1.83988e-06 
9.25000e-01 1.75000e-01 7.53508e-06 
9.25000e-01 2.00000e-01 1.40761e-06 
9.25000e-01 2.25000e-01 -1.14320e-06 
9.25000e-01 2.50000e-01 -7.21599e-07 
9.25000e-01 2.75000e-01 -2.02836e-08 
9.25000e-01 3.00000e-01 1.72386e-07 
9.25000e-01 3.25000e-01 8.99873e-08 
9.25000e-01 3.50000e-01 1.92515e-10 
9.25000e-01 3.75000e-01 -2.54640e-08 
9.25000e-01 4.00000e-01 -1.51787e-08 
9.25000e-01 4.25000e-01 -1.95130e-09 
9.25000e-01 4.50000e-01 3.08065e-09 
9.25000e-01 4.75000e-01 2.60705e-09 
9.25000e-01 5.00000e-01 1.74622e-09 
9.25000e-01 5.25000e-01 2.60709e-09 
9.25000e-01 5.50000e-01 3.08059e-09 
9.25000e-01 5.75000e-01 -1.95129e-09 
9.25000e-01 6.00000e-01 -1.51787e-08 
9.25000e-01 6.25000e-01 -2.54641e-08 
9.25000e-01 6.50000e-01 1.92525e-10 
9.25000e-01 6.75000e-01 8.99873e-08 
9.25000e-01 7.00000e-01 1.72386e-07 
9.25000e-01 7.25000e-01 -2.02836e-08 
9.25000e-01 7.50000e-01 -7.21599e-07 
9.25000e-01 7.75000e-01 -1.14320e-06 
9.25000e-01 8.00000e-01 1.40761e-06 
9.25000e-01 8.25000e-01 7.53508e-06 
9.25000e-01 8.50000e-01 1.83988e-06 
9.25000e-01 8.75000e-01 -4.33128e-05 
9.25000e-01 9.00000e-01 -3.19608e-05 
9.25000e-01 9.25000e-01 4.11852e-04 
9.25000e-01 9.50000e-01 -8.67864e-04 
9.25000e-01 9.75000e-01 7.84558e-04 
9.25000e-01 1.00000e+00 0.00000e+00 

9.50000e-01 0.00000e+00 0.00000e+00 
9.50000e-01 2.50000e-02 -1.61655e-03 
9.50000e-01 5.00000e-02 1.79880e-03 
9.50000e-01 7.50000e-02 -8.67864e-04 
9.50000e-01 1.00000e-01 7.91876e-05 
9.50000e-01 1.25000e-01 8.72379e-05 
9.50000e-01 1.50000e-01 -5.74248e-06 
9.50000e-01 1.75000e-01 -1.52008e-05 
9.50000e-01 2.00000e-01 -2.45118e-06 
9.50000e-01 2.25000e-01 2.38433e-06 
9.50000e-01 2.50000e-01 1.38835e-06 
9.50000e-01 2.75000e-01 -8.68431e-10 
9.50000e-01 3.00000e-01 -3.46846e-07 
9.50000e-01 3.25000e-01 -1.69868e-07 
9.50000e-01 3.50000e-01 5.01962e-09 
9.50000e-01 3.75000e-01 5.08123e-08 
9.50000e-01 4.00000e-01 2.86685e-08 
9.50000e-01 4.25000e-01 2.91843e-09 
9.50000e-01 4.50000e-01 -6.25048e-09 
9.50000e-01 4.75000e-01 -4.89843e-09 
9.50000e-01 5.00000e-01 -3.09631e-09 
9.50000e-01 5.25000e-01 -4.89847e-09 
9.50000e-01 5.50000e-01 -6.25040e-09 
9.50000e-01 5.75000e-01 2.91841e-09 
9.50000e-01 6.00000e-01 2.86685e-08 
9.50000e-01 6.25000e-01 5.08123e-08 
9.50000e-01 6.50000e-01 5.01962e-09 
9.50000e-01 6.75000e-01 -1.69868e-07 
9.50000e-01 7.00000e-01 -3.46846e-07 
9.50000e-01 7.25000e-01 -8.68446e-10 
9.50000e-01 7.50000e-01 1.38835e-06 
9.50000e-01 7.75000e-01 2.38433e-06 
9.50000e-01 8.00000e-01 -2.45118e-06 
9.50000e-01 8.25000e-01 -1.52008e-05 
9.50000e-01 8.50000e-01 -5.74248e-06 
9.50000e-01 8.75000e-01 8.72379e-05 
9.50000e-01 9.00000e-01 7.91876e-05 
9.50000e-01 9.25000e-01 -8.67864e-04 
9.50000e-01 9.50000e-01 1.79880e-03 
9.50000e-01 9.75000e-01 -1.61655e-03 
9.50000e-01 1.00000e+00 0.00000e+00 

9.75000e-01 0.00000e+00 0.00000e+00 
9.75000e-01 2.50000e-02 1.44965e-03 
9.75000e-01 5.00000e-02 -1.61655e-03 
9.75000e-01 7.50000e-02 7.84558e-04 
9.75000e-01 1.00000e-01 -7.53710e-05 
9.75000e-01 1.25000e-01 -7.75752e-05 
9.75000e-01 1.50000e-01 5.78758e-06 
9.75000e-01 1.75000e-01 1.35252e-05 
9.75000e-01 2.00000e-01 2.05128e-06 
9.75000e-01 2.25000e-01 -2.14758e-06 
9.75000e-01 2.50000e-01 -1.21282e-06 
9.75000e-01 2.75000e-01 1.47259e-08 
9.75000e-01 3.00000e-01 3.08307e-07 
9.75000e-01 3.25000e-01 1.47247e-07 
9.75000e-01 3.50000e-01 -6.27209e-09 
9.75000e-01 3.75000e-01 -4.50250e-08 
9.75000e-01 4.00000e-01 -2.48565e-08 
9.75000e-01 4.25000e-01 -2.25657e-09 
9.75000e-01 4.50000e-01 5.57319e-09 
9.75000e-01 4.75000e-01 4.23797e-09 
9.75000e-01 5.00000e-01 2.61250e-09 
9.75000e-01 5.25000e-01 4.23795e-09 
9.75000e-01 5.50000e-01 5.57342e-09 
9.75000e-01 5.75000e-01 -2.25677e-09 
9.75000e-01 6.00000e-01 -2.48564e-08 
9.75000e-01 6.25000e-01 -4.50249e-08 
9.75000e-01 6.50000e-01 -6.27201e-09 
9.75000e-01 6.75000e-01 1.47247e-07 
9.75000e-01 7.00000e-01 3.08307e-07 
9.75000e-01 7.25000e-01 1.47259e-08 
9.75000e-01 7.50000e-01 -1.21282e-06 
9.75000e-01 7.75000e-01 -2.14758e-06 
9.75000e-01 8.00000e-01 2.05128e-06 
9.75000e-01 8.25000e-01 1.35252e-05 
9.75000e-01 8.50000e-01 5.78758e-06 
9.75000e-01 8.75000e-01 -7.75752e-05 
9.75000e-01 9.00000e-01 -7.53710e-05 
9.75000e-01 9.25000e-01 7.84558e-04 
9.75000e-01 9.50000e-01 -1.61655e-03 
9.75000e-01 9.75000e-01 1.44965e-03 
9.75000e-01 1.00000e+00 0.00000e+00 

1.00000e+00 0.00000e+00 0.00000e+00 
1.00000e+00 2.50000e-02 0.00000e+00 
1.00000e+00 5.00000e-02 0.00000e+00 
1.00000e+00 7.50000e-02 0.00000e+00 
1.00000e+00 1.00000e-01 0.00000e+00 
1.00000e+00 1.25000e-01 0.00000e+00 
1.00000e+00 1.50000e-01 0.00000e+00 
1.00000e+00 1.75000e-01 0.00000e+00 
1.00000e+00 2.00000e-01 0.00000e+00 
1.00000e+00 2.25000e-01 0.00000e+00 
1.00000e+00 2.50000e-01 0.00000e+00 
1.00000e+00 2.75000e-01 0.00000e+00 
1.00000e+00 3.00000e-01 0.00000e+00 
1.00000e+00 3.25000e-01 0.00000e+00 
1.00000e+00 3.50000e-01 0.00000e+00 
1.00000e+00 3.75000e-01 0.00000e+00 
1.00000e+00 4.00000e-01 0.00000e+00 
1.00000e+00 4.25000e-01 0.00000e+00 
1.00000e+00 4.50000e-01 0.00000e+00 
1.00000e+00 4.75000e-01 0.00000e+00 
1.00000e+00 5.00000e-01 0.00000e+00 
1.00000e+00 5.25000e-01 0.00000e+00 
1.00000e+00 5.50000e-01 0.00000e+00 
1.00000e+00 5.75000e-01 0.00000e+00 
1.00000e+00 6.00000e-01 0.00000e+00 
1.00000e+00 6.25000e-01 0.00000e+00 
1.00000e+00 6.50000e-01 0.00000e+00 
1.00000e+00 6.75000e-01 0.00000e+00 
1.00000e+00 7.00000e-01 0.00000e+00 
1.00000e+00 7.25000e-01 0.00000e+00 
1.00000e+00 7.50000e-01 0.00000e+00 
1.00000e+00 7.75000e-01 0.00000e+00 
1.00000e+00 8.00000e-01 0.00000e+00 
1.00000e+00 8.25000e-01 0.00000e+00 
1.00000e+00 8.50000e-01 0.00000e+00 
1.00000e+00 8.75000e-01 0.00000e+00 
1.00000e+00 9.00000e-01 0.00000e+00 
1.00000e+00 9.25000e-01 0.00000e+00 
1.00000e+00 9.50000e-01 0.00000e+00 
1.00000e+00 9.75000e-01 0.00000e+00 
1.00000e+00 1.00000e+00 0.00000e+00 

